0;5.8658088;13.94151144;13.09445592;12.46038792;14.36753592;15.0261756;14.927172;14.635476;14.4699756;13.6950036;13.62067056;13.27441752;12.95328;12.43734888;11.28013152;10.18362648;9.48429768;8.82958848;8.19586656;8.32171608;6.43291032;5.97230256;5.54697024;5.10309792;4.65937392;10.02316896;9.5974164;9.41137368;9.19623552;8.84167656;8.50758576;7.93393344;7.82143272;6.90029136;6.11802696;6.62555328;10.75609224;10.40375808;9.7739172;9.62952768;9.45085152;8.79836712;8.2709412;7.7981712;7.30394424;6.50150832;6.27670464;6.27774288;6.81772656;6.89166408;6.33936984;5.78680368;5.12376384;4.91710464;5.47327992;5.56976208;5.62555512;5.7296016;5.5511232;5.26933992;4.94862264;6.48289416;6.17382;6.00268344;6.0623328;5.52754032;4.94862264;5.89502784;5.5522356;5.47706208;5.24649864;5.00800008;5.06213688;5.1488052;4.28869752;3.28832856;2.53609896;2.31574488;1.79358432;1.64496768;1.48984968;2.29174176;2.15078832;1.91829672;1.88257632;1.83432288;1.80676008;1.74379824;1.70397432
999999;0;8.08178376;7.22980896;6.60058608;8.59052136;9.2991696;9.2157396;8.93833176;8.784252;8.08645584;8.07844656;7.8544092;7.57665528;7.257174;6.46771608;5.78475192;5.85280608;5.39247024;3.61742592;3.35386128;2.77546272;4.19876616;3.99368904;3.46564512;3.49041456;4.23554952;4.03027464;3.91127256;3.73808424;3.40290576;3.13568256;2.72184504;2.65502688;2.264352;2.94150696;0.90566664;4.89661176;4.53829536;3.90951744;3.7646088;3.58524048;2.9338932;2.41890144;2.02268928;1.60539096;0.81595776;0.5760996;1.29117504;1.4892564;1.05779352;0.70899432;0.83385504;2.12236032;2.08730736;1.50500304;1.70313384;1.76589792;2.03616168;2.2644756;2.36246568;2.46176592;2.31829104;2.09336376;2.16186288;2.56212912;2.70713664;2.46176592;5.55258168;4.80811416;4.9752708;5.28165048;5.29185984;4.91052912;4.11854976;3.58195272;3.57124896;6.62414424;6.37642512;6.12044952;5.8659324;5.68557528;6.19290384;5.95512216;5.86133448;5.70297816;5.51789952;5.44010568;5.18215248;4.85663952
999999;8.08178376;0;0.9811368;1.6268232;1.09232736;1.7608056;1.77487128;1.68904344;1.67705424;1.92215304;2.20166208;2.67045216;2.86193328;3.51933696;4.65351528;5.7129156;6.93583872;7.35106056;6.55149216;6.16197912;8.17856256;9.56295672;9.79811808;9.82370328;10.18837272;3.96859824;4.59888408;4.83018912;5.0553636;5.37669888;5.7145224;6.3013752;6.4206492;7.40173656;8.59437768;7.32283032;3.25033392;3.56222616;4.17337872;4.3190784;4.50062208;5.16296976;5.709084;6.23974824;6.75328152;7.50546168;7.71160176;7.77088032;7.21730064;7.04984736;7.6111644;8.1927024;9.30851376;9.45362016;8.6245608;8.59108992;8.5581876;8.55307056;8.81080128;9.10467264;9.41883912;7.899276;8.13268224;8.33457048;8.45295456;9.03419592;9.41883912;10.78281456;10.42321272;10.62816624;11.08627728;11.28448224;10.91234736;10.22429088;10.514034;11.13482736;14.11482336;13.93933608;13.86351984;13.65337512;13.52322432;13.75554288;13.56865968;13.56008184;13.41853512;13.26047544;13.19810688;12.98919816;12.72986064
999999;7.22980896;0.9811368;0;0.65831832;1.9731504;2.70231624;2.69801496;2.56101672;2.5088328;2.48969952;2.74092888;3.10485672;3.20230296;3.7527432;4.68733224;5.60733648;6.8218548;7.15275672;6.08289984;5.63297112;7.59947184;9.09614424;9.28757592;9.24214056;9.57840672;3.26964024;4.02659136;4.26968784;4.48826208;4.7788704;5.10470472;5.67586032;5.79379944;6.76482576;8.02186248;6.514338;2.3432088;2.69183496;3.331638;3.47345664;3.64857312;4.2962124;4.82692608;5.33178264;5.8415832;6.6140832;6.82904832;7.03019496;6.47856816;6.22019472;6.80410584;7.40811432;8.3604276;8.51181288;7.89032736;7.87905504;7.85411256;7.87821456;8.14998624;8.43861696;8.74267296;7.27094304;7.4758224;7.68070176;7.84083792;8.41275984;8.74267296;10.40568624;9.97259184;10.18286016;10.64141616;10.82083392;10.4309748;9.6960492;9.88389648;10.42261944;13.46654136;13.27152528;13.1496804;12.92544528;12.78004224;13.08523536;12.88384152;12.85442472;12.70704408;12.540456;12.47348952;12.2497488;11.97011616
999999;6.60058608;1.6268232;0.65831832;0;2.54761848;3.29895816;3.28162944;3.11489304;3.04095552;2.87797656;3.09936888;3.38273424;3.4172928;3.87486;4.645506;5.45016672;6.63882792;6.90993216;5.67877728;5.19569904;7.11369912;8.66698032;8.8314672;8.74558992;9.06440376;2.75845536;3.58697088;3.83303376;4.04300544;4.3085724;4.62229392;5.17733208;5.29334304;6.25064976;7.5372516;5.9069676;1.70449344;2.07210456;2.72295744;2.86114224;3.03124056;3.66765696;4.18947144;4.68327816;5.19134832;5.97002832;6.188034;6.45604824;5.9079564;5.60335656;6.1965624;6.80989032;7.70220816;7.8540384;7.3162548;7.3167492;7.29620688;7.33617912;7.61442744;7.89888048;8.1961632;6.75847272;6.94585032;7.15132296;7.33434984;7.89789168;8.1961632;10.02146328;9.54745728;9.7595796;10.21568832;10.38321576;9.98529792;9.22743216;9.3576324;9.8519088;12.9184248;12.71450952;12.57113352;12.34094088;12.18891288;12.52752744;12.3197064;12.28045104;12.13069728;11.96050008;11.891556;11.66148696;11.3731776
999999;8.59052136;1.09232736;1.9731504;2.54761848;0;0.76498512;0.73457952;0.59814984;0.59273616;1.11385848;1.3777692;1.90564008;2.1799332;2.89028712;4.15983216;5.31828552;6.51006144;7.00396704;6.54049176;6.23903136;8.26597248;9.47668392;9.76276848;9.88167168;10.27892208;4.36139904;4.7961744;5.0009796;5.22380568;5.57060256;5.91119472;6.499506;6.61697544;7.58562864;8.66408808;7.76734536;3.97640976;4.21498248;4.75580664;4.90205016;5.08752432;5.75508792;6.31647912;6.88877184;7.40235456;8.10015072;8.2852788;8.09767872;7.55272632;7.5356448;8.04794208;8.58162216;10.0240836;10.14906792;8.92525488;8.858412;8.81411376;8.76593448;8.99842608;9.29437392;9.61771152;8.0598324;8.328168;8.52165144;8.57924904;9.16175112;9.61771152;10.56522912;10.30074984;10.49546928;10.9450272;11.16310704;10.8196968;10.20399576;10.62742464;11.36049624;14.19714096;14.0538144;14.05114464;13.86703008;13.764096;13.87679448;13.71510096;13.73927712;13.60912632;13.46715936;13.41312144;13.23152832;13.00991352
999999;9.2991696;1.7608056;2.70231624;3.29895816;0.76498512;0;0.13049688;0.41549376;0.58739664;1.41714816;1.59458832;2.09645376;2.41981608;3.1175628;4.43429832;5.63069688;6.77629584;7.31697168;7.0576836;6.80252376;8.8129272;9.92105064;10.23294288;10.40027256;10.81089648;5.0636448;5.42969856;5.621328;5.84000112;6.19231056;6.52996104;7.11253728;7.228128;8.18264136;9.19885584;8.46019752;4.7389476;4.97000544;5.49780216;5.64342768;5.8287288;6.49448784;7.05686784;7.63534056;8.14776144;8.83260432;9.01221984;8.74843272;8.21010528;8.24194464;8.7370368;9.25205328;10.77688176;10.89828168;9.56090496;9.48103464;9.43233624;9.36623496;9.58594632;9.8807076;10.2058992;8.64253224;8.9241672;9.11245944;9.1419504;9.72037368;10.2058992;10.92015888;10.71639192;10.90320096;11.34346416;11.57145672;11.24802024;10.6785456;11.16817464;11.94967272;14.69532312;14.57023992;14.60497152;14.4348732;14.34558456;14.39808984;14.2505856;14.29107696;14.16745224;14.03426088;13.9845984;13.81702152;13.61397144
999999;9.2157396;1.77487128;2.69801496;3.28162944;0.73457952;0.13049688;0;0.29703552;0.46874064;1.29547632;1.46710728;1.96682208;2.29090128;2.98770864;4.30479024;5.5018068;6.64619448;7.1877108;6.94058496;6.69078936;8.69827584;9.7970304;10.11065304;10.28208624;10.69394616;4.98053616;5.32978032;5.5188636;5.7366468;6.0896484;6.42655728;7.00782336;7.12301856;8.07483744;9.08269656;8.37214488;4.6903728;4.9122348;5.4306132;5.57579376;5.76089712;6.42527184;6.98792376;7.569882;8.08136352;8.75888928;8.93593392;8.6498988;8.1132276;8.15811912;8.64777288;9.15774648;10.71505704;10.8336636;9.45905856;9.37683984;9.32739984;9.25845576;9.47618952;9.77067888;10.09604352;8.5324788;8.8158936;9.00337008;9.02905416;9.60678528;10.09604352;10.7916396;10.59049296;10.77688176;11.21660112;11.44501392;11.12273928;10.55647824;11.0520648;11.83937208;14.5741704;14.45071872;14.48933136;14.32096344;14.23350408;14.27908776;14.133042;14.1753132;14.05247952;13.92040056;13.87128192;13.7056332;13.50535176
999999;8.93833176;1.68904344;2.56101672;3.11489304;0.59814984;0.41549376;0.29703552;0;0.17215008;1.00167912;1.18574424;1.6969044;2.01534744;2.718582;4.03173312;5.22464616;6.3782544;6.91230528;6.64406856;6.39387744;8.40128976;9.50602656;9.81747384;9.98596536;10.39740504;4.70485872;5.03823264;5.22563496;5.44287432;5.796222;6.13268592;6.71323512;6.82823256;7.7788896;8.78593296;8.09016384;4.46359152;4.67067096;5.17481064;5.31927432;5.50395744;6.16605792;6.72875928;7.31511768;7.825116;8.49285264;8.66668368;8.3589444;7.82355864;7.88053824;8.36458056;8.86998096;10.46405016;10.57877568;9.16590408;9.08239992;9.03261384;8.96245848;9.1796484;9.4740636;9.79945296;8.23586352;8.51977272;8.70697728;8.73204336;9.30974976;9.79945296;10.51210584;10.30282632;10.49020392;10.93125816;11.15855856;10.83383664;10.26305184;10.7553012;11.54265792;14.27992824;14.15531472;14.1924936;14.02395264;13.936518;13.98341184;13.83672336;13.87850016;13.75554288;13.62336504;13.5742464;13.408746;13.20905784
999999;8.784252;1.67705424;2.5088328;3.04095552;0.59273616;0.58739664;0.46874064;0.17215008;0;0.83014704;1.02101016;1.53790536;1.85254152;2.55861888;3.86900136;5.05964016;6.21754968;6.74789256;6.47199264;6.22303752;8.22960936;9.33493944;9.645744;9.81384;10.22535384;4.55302848;4.8734244;5.05921992;5.27591544;5.62958448;5.96557872;6.5453616;6.66016128;7.60950816;8.61398064;7.9327716;4.3467648;4.54346184;5.03729328;5.18113896;5.36542656;6.0256236;6.58817664;7.17740256;7.6861896;8.34697992;8.51853672;8.19438336;7.66011;7.72650792;8.20622424;8.70801552;10.32799128;10.44009648;8.999316;8.91460056;8.86444368;8.79300288;9.00940176;9.30369336;9.62913216;8.06554272;8.35014408;8.53700256;8.5607832;9.13829184;9.62913216;10.3455672;10.13292576;10.32069888;10.76227224;10.98910296;10.6634664;10.09129728;10.58334888;11.37216408;14.1079512;13.98316464;14.02061544;13.85239584;13.76540616;13.81126176;13.664598;13.70657256;13.5837636;13.45183296;13.40283792;13.23785664;13.03910784
999999;8.08645584;1.92215304;2.48969952;2.87797656;1.11385848;1.41714816;1.29547632;1.00167912;0.83014704;0;0.28119;0.79440192;1.06896696;1.78127376;3.07014984;4.24897248;5.4230736;5.93818896;5.64908856;5.41461936;7.41177288;8.50499016;8.81579472;8.98838976;9.40207896;3.88818408;4.11610248;4.28924136;4.5011412;4.8564912;5.18833248;5.76139152;5.87448552;6.81253536;7.7926092;7.21678152;3.902052;4.03385904;4.45887;4.59764808;4.77783216;5.42131848;5.97932304;6.58209552;7.0814148;7.69909344;7.85668344;7.4315736;6.90558144;7.0317276;7.48363392;7.96149624;9.72914928;9.8263236;8.22189672;8.12870232;8.07597456;7.99484352;8.20479048;8.49804384;8.82372984;7.26068424;7.55079816;7.73481384;7.7473716;8.32277904;8.82372984;9.5269644;9.30490464;9.49354296;9.93635232;10.16204592;9.83450592;9.26144688;9.76165608;10.56451224;13.2787188;13.1556132;13.19931816;13.03475712;12.95199456;12.98435304;12.83991408;12.88507752;12.76387536;12.63436728;12.5866824;12.42642264;12.2352876
999999;8.07844656;2.20166208;2.74092888;3.09936888;1.3777692;1.59458832;1.46710728;1.18574424;1.02101016;0.28119;0;0.53071368;0.832446;1.54205832;2.84831256;4.0390008;5.19819576;5.727006;5.52168168;5.31433032;7.29262248;8.33664696;8.65724064;8.8506252;9.26957976;3.91698288;4.07687184;4.23742824;4.44369192;4.79928912;5.12586504;5.69032152;5.80133904;6.72463104;7.6659192;7.19868648;4.03338936;4.138746;4.53003888;4.66550448;4.84267272;5.47463952;6.02802144;6.63541656;7.12843224;7.72171224;7.87104576;7.37691768;6.85913256;7.02824208;7.46029824;7.9192992;9.77260704;9.8621676;8.15243352;8.05090848;7.99553568;7.90352784;8.10507;8.39656824;8.72218008;7.162002;7.4587656;7.63887552;7.63543944;8.20669392;8.72218008;9.32653464;9.12474528;9.31039248;9.74959272;9.97840104;9.65825232;9.10385688;9.63249408;10.4580432;13.12392216;13.0084056;13.06837632;12.91083576;12.83504424;12.83951856;12.70148208;12.7539132;12.63604824;12.5110392;12.46562856;12.3129084;12.13225464
999999;7.8544092;2.67045216;3.10485672;3.38273424;1.90564008;2.09645376;1.96682208;1.6969044;1.53790536;0.79440192;0.53071368;0;0.3348324;1.02177648;2.33804232;3.53716008;4.68149832;5.22140784;5.1187704;4.95275088;6.8955204;7.87327056;8.20516128;8.42462544;8.84978472;3.7903176;3.82561776;3.96276432;4.15743432;4.51031232;4.82566536;5.37259536;5.47963296;6.3755352;7.2572976;6.96112728;4.105374;4.15558032;4.4756796;4.60321008;4.77266568;5.37682248;5.91730056;6.52944192;7.00784808;7.5533196;7.68710424;7.0777068;6.57552;6.81676248;7.21260384;7.63830696;9.63392784;9.70917552;7.82692056;7.71281304;7.6535592;7.54533504;7.73382504;8.02198608;8.34665856;6.79508304;7.10084472;7.27457688;7.24768152;7.81156944;8.34665856;8.8280064;8.64703128;8.82926712;9.26426496;9.496188;9.18432048;8.65234608;9.2164812;10.07176848;12.67090344;12.56463216;12.64482384;12.49660272;12.43015536;12.39883512;12.26893152;12.33053376;12.2171184;12.09823992;12.05586984;11.91350736;11.74766088
999999;7.57665528;2.86193328;3.20230296;3.4172928;2.1799332;2.41981608;2.29090128;2.01534744;1.85254152;1.06896696;0.832446;0.3348324;0;0.71260344;2.016534;3.21090552;4.36574976;4.89742752;4.78885728;4.63220664;6.56592864;7.53888312;7.8703536;8.09088072;8.51660856;3.570186;3.54662784;3.67356504;3.86306856;4.21391952;4.52445216;5.06448528;5.17008912;6.057018;6.92575296;6.67939344;3.99373848;4.01091888;4.28882112;4.41133344;4.57569672;5.16262368;5.6946228;6.30720912;6.7772352;7.29946992;7.42623408;6.77350248;6.27722376;6.54580656;6.92659344;7.33963992;9.38984256;9.4586136;7.5138912;7.39627344;7.3360308;7.2236784;7.40902896;7.69634952;8.02070064;6.47174544;6.77950944;6.95158536;6.91967184;7.48202712;8.02070064;8.50101024;8.31434952;8.49722808;8.93316528;9.16439616;8.85109488;8.3175384;8.88367584;9.74319024;12.33616992;12.22979976;12.31095552;12.1635996;12.09828936;12.06407688;11.93449464;11.99669016;11.88369504;11.76543456;11.72343528;11.58248184;11.4190332
999999;7.257174;3.51933696;3.7527432;3.87486;2.89028712;3.1175628;2.98770864;2.718582;2.55861888;1.78127376;1.54205832;1.02177648;0.71260344;0;1.3198008;2.52371424;3.65972184;4.20328992;4.2421992;4.1513532;6.01333776;6.8936664;7.2387576;7.49228592;7.92471288;3.48769536;3.2713212;3.35531976;3.51953472;3.85572672;4.14111912;4.64384976;4.74176568;5.57700504;6.35516592;6.35197704;4.16994264;4.11239448;4.2800208;4.38678648;4.53448848;5.06436168;5.56513944;6.17201544;6.61331688;7.06092192;7.16437512;6.35744016;5.88921864;6.25732416;6.58167528;6.94332888;9.16760976;9.2163576;7.05414864;6.92004264;6.85488072;6.72089832;6.886992;7.16803368;7.48934424;5.96238984;6.28043736;6.44225448;6.37793304;6.92701368;7.48934424;7.8130032;7.65032088;7.82897232;8.25964416;8.49423696;8.19092256;7.68567048;8.29546344;9.19000608;11.69582304;11.60013192;11.70459864;11.5685892;11.51460072;11.43824064;11.31837336;11.3912232;11.28376536;11.17311864;11.1348768;11.0068272;10.86199272
999999;6.46771608;4.65351528;4.68733224;4.645506;4.15983216;4.43429832;4.30479024;4.03173312;3.86900136;3.07014984;2.84831256;2.33804232;2.016534;1.3198008;0;1.2060888;2.35294848;2.88376104;3.12717888;3.16695336;4.85293152;5.60244192;5.96105496;6.25339368;6.69224784;3.35126568;2.78327424;2.76817032;2.86203216;3.13788264;3.3519084;3.75407808;3.83293488;4.5463788;5.16329112;5.57267904;4.4361276;4.25020848;4.20316632;4.27233288;4.37793672;4.76623848;5.18160864;5.75071248;6.12242712;6.42037728;6.47916144;5.42042856;5.01462504;5.55151872;5.76450624;6.0274776;8.50526208;8.51861088;6.02903496;5.86986288;5.79768048;5.63044968;5.76369048;6.03175416;6.34515432;4.8733008;5.202942;5.34530448;5.22998568;5.75286312;6.34515432;6.49327656;6.34147104;6.51710664;6.94451544;7.18081392;6.88442112;6.40638576;7.06591536;8.00181456;10.40148384;10.31530992;10.44264264;10.31916624;10.27810632;10.1573244;10.04722152;10.13097288;10.02979392;9.92787336;9.8940564;9.78160512;9.66022992
999999;5.78475192;5.7129156;5.60733648;5.45016672;5.31828552;5.63069688;5.5018068;5.22464616;5.05964016;4.24897248;4.0390008;3.53716008;3.21090552;2.52371424;1.2060888;0;1.22428272;1.6892412;2.2135524;2.43929544;3.80940144;4.41172896;4.78136712;5.10910488;5.55184008;3.54618288;2.72607216;2.60479584;2.59987656;2.7596172;2.85857136;3.09548784;3.1442604;3.66701424;4.07835504;4.93329624;4.866132;4.58825448;4.35803712;4.3868112;4.44435936;4.66708656;4.97042568;5.46964608;5.75449464;5.89042992;5.9020236;4.61579256;4.29586632;4.9908444;5.07709248;5.22622824;7.8921072;7.871466;5.11115664;4.92857472;4.85036064;4.65035112;4.74515232;4.99509624;5.2960128;3.91307712;4.24721736;4.36409352;4.19352552;4.67954544;5.2960128;5.29087104;5.13760704;5.31188304;5.73845136;5.97504648;5.68159536;5.2242012;5.92639752;6.89544624;9.20414592;9.12392952;9.26693472;9.15300024;9.12190248;8.9686632;8.8654572;8.95699536;8.86068624;8.76568728;8.73540528;8.63566008;8.53403616
999999;5.85280608;6.93583872;6.8218548;6.63882792;6.51006144;6.77629584;6.64619448;6.3782544;6.21754968;5.4230736;5.19819576;4.68149832;4.36574976;3.65972184;2.35294848;1.22428272;0;0.65505528;2.30172864;2.7586284;3.41536464;3.53758032;3.94887168;4.39061808;4.83125208;4.51846992;3.61077624;3.43271808;3.35653104;3.39991464;3.3774936;3.40016184;3.40535304;3.59554872;3.5680848;5.10119448;5.91341952;5.59556976;5.26763424;5.2694388;5.29247784;5.38310136;5.57821632;5.99034816;6.17856624;6.13676472;6.0937272;4.58340936;4.40562312;5.248674;5.17621968;5.16230232;7.96747848;7.90622232;4.87285584;4.6602144;4.5757956;4.327854;4.34283432;4.5431652;4.80467808;3.67902816;3.99579024;4.05736776;3.78702984;4.16307048;4.80467808;4.19785152;4.15276224;4.30513632;4.70275752;4.94936424;4.70040912;4.36960608;5.19829464;6.22901976;8.2302768;8.17952664;8.38015416;8.29721856;8.29524096;8.0369664;7.9613232;8.0788668;7.99907064;7.92592416;7.9061976;7.84246944;7.79164512
999999;5.39247024;7.35106056;7.15275672;6.90993216;7.00396704;7.31697168;7.1877108;6.91230528;6.74789256;5.93818896;5.727006;5.22140784;4.89742752;4.20328992;2.88376104;1.6892412;0.65505528;0;1.99312416;2.52425808;2.83691664;2.88462624;3.29423664;3.73835616;4.1781744;4.58845224;3.6478068;3.44060376;3.32382648;3.29586816;3.20657952;3.11560992;3.0987756;3.12932952;2.95473216;4.69548984;6.01991328;5.67146016;5.27245464;5.2546068;5.2528764;5.25539784;5.3820384;5.7377592;5.87243376;5.74710336;5.68080432;4.10596728;3.991044;4.88019768;4.73971392;4.66224144;7.48674864;7.41113016;4.31761992;4.098576;4.01344032;3.75457248;3.74688456;3.93272952;4.18341504;3.14764704;3.45098616;3.49333152;3.1977792;3.5416344;4.18341504;3.6123336;3.52032576;3.67979448;4.0890588;4.33225416;4.06834344;3.71645424;4.54442592;5.57777136;7.60159776;7.54377768;7.73449248;7.64777472;7.64320152;7.3984488;7.3178616;7.4318208;7.3499976;7.27470048;7.25413344;7.18835352;7.13661456
999999;3.61742592;6.55149216;6.08289984;5.67877728;6.54049176;7.0576836;6.94058496;6.64406856;6.47199264;5.64908856;5.52168168;5.1187704;4.78885728;4.2421992;3.12717888;2.2135524;2.30172864;1.99312416;0;0.57723672;1.77714552;3.01897944;3.24865296;3.3447396;3.7533612;3.01339272;2.10085392;1.85570568;1.66224696;1.48742712;1.29453696;1.1226588;1.11163368;1.4542776;2.14443528;2.81714064;4.43518824;4.04038512;3.52625856;3.47595336;3.43526424;3.3276828;3.40312824;3.74463504;3.8916696;3.84010368;3.80865984;2.4078516;2.13696984;2.94813192;2.91977808;3.01628496;5.73914352;5.7006792;2.91644088;2.7475044;2.67351744;2.50381464;2.64916824;2.92687272;3.2473428;1.7460972;2.0762328;2.21933688;2.1361788;2.693244;3.2473428;4.34327928;3.8912988;4.10077608;4.55967816;4.745004;4.36434072;3.68048664;4.11274056;4.95554424;7.65684696;7.5184644;7.5503532;7.38925296;7.31487048;7.34391648;7.19297616;7.2360384;7.1157756;6.98938224;6.94407048;6.79562688;6.63096696
999999;3.35386128;6.16197912;5.63297112;5.19569904;6.23903136;6.80252376;6.69078936;6.39387744;6.22303752;5.41461936;5.31433032;4.95275088;4.63220664;4.1513532;3.16695336;2.43929544;2.7586284;2.52425808;0.57723672;0;2.03042664;3.47152848;3.65581608;3.66649512;4.04745504;2.484978;1.61031024;1.36511256;1.15274304;0.92920008;0.71730024;0.66437472;0.70503912;1.42748112;2.43818304;2.49402552;3.88835712;3.4877448;2.95779744;2.90363592;2.85951072;2.75679912;2.85782976;3.2351064;3.42537624;3.4654968;3.4658676;2.2534752;1.8705624;2.56413144;2.6449164;2.86101864;5.45370168;5.43736176;2.90333928;2.77039512;2.70723552;2.59290552;2.79118464;3.08372112;3.40940712;1.8476964;2.14824216;2.324916;2.3417256;2.92321416;3.40940712;4.8479628;4.35180768;4.56388056;5.02018704;5.19147192;4.79859696;4.07091432;4.39029672;5.15011536;7.97842944;7.8223968;7.81347288;7.63519224;7.5430608;7.64320152;7.47688536;7.5010368;7.37259168;7.2346788;7.18345896;7.01486856;6.82096488
999999;2.77546272;8.17856256;7.59947184;7.11369912;8.26597248;8.8129272;8.69827584;8.40128976;8.22960936;7.41177288;7.29262248;6.8955204;6.56592864;6.01333776;4.85293152;3.80940144;3.41536464;2.83691664;1.77714552;2.03042664;0;1.72753248;1.75949544;1.64664864;2.017152;4.3555404;3.58660008;3.35052408;3.12641256;2.82124416;2.49553344;1.93849296;1.82455848;0.94037352;0.42355248;2.35341816;5.63803872;5.22116064;4.60058976;4.5031188;4.3962048;4.02028776;3.8273976;3.88682448;3.7861152;3.35148816;3.20633232;1.54025376;1.74775344;2.66971056;2.2632396;1.95952968;4.75479312;4.6518096;1.49303856;1.26818544;1.18292616;0.91780416;0.9425736;1.18601616;1.49313744;0.51773568;0.68318664;0.66692088;0.38474208;0.91609848;1.49313744;3.20751888;2.56390896;2.7732132;3.20183328;3.32835024;2.91693528;2.12236032;2.36145216;3.1788684;5.948868;5.79206904;5.79290952;5.62313256;5.54249592;5.61312096;5.44920264;5.47945992;5.35454976;5.22266856;5.1750084;5.02082976;4.85394504
999999;4.19876616;9.56295672;9.09614424;8.66698032;9.47668392;9.92105064;9.7970304;9.50602656;9.33493944;8.50499016;8.33664696;7.87327056;7.53888312;6.8936664;5.60244192;4.41172896;3.53758032;2.88462624;3.01897944;3.47152848;1.72753248;0;0.4355664;1.04246712;1.4153436;5.93653272;5.0815668;4.83592416;4.62402432;4.3688892;4.07439984;3.57421536;3.47036664;2.66489016;1.36612608;3.98627304;7.286838;6.87304992;6.2744304;6.18635304;6.091008;5.74302456;5.55317496;5.5849896;5.43669432;4.89779832;4.713486;3.13541064;3.44730288;4.32938664;3.83879352;3.372426;5.88293976;5.72942856;2.70367584;2.49617616;2.43314016;2.17031712;1.9358232;1.89177216;1.94291784;2.22633264;2.25587304;2.11066776;1.7281752;1.49879832;1.94291784;1.48003584;0.88097136;1.09371168;1.548708;1.72612344;1.35040416;0.83205048;1.74280944;2.80149288;4.80215664;4.71316464;4.86487128;4.76752392;4.75882248;4.55695896;4.45694184;4.55826912;4.47093336;4.3912608;4.36972968;4.30612512;4.27045416
999999;3.99368904;9.79811808;9.28757592;8.8314672;9.76276848;10.23294288;10.11065304;9.81747384;9.645744;8.81579472;8.65724064;8.20516128;7.8703536;7.2387576;5.96105496;4.78136712;3.94887168;3.29423664;3.24865296;3.65581608;1.75949544;0.4355664;0;0.64652688;0.98526504;6.08134248;5.26125648;5.01788808;4.79998128;4.5228948;4.21258464;3.68041248;3.57016128;2.692626;1.35050304;3.87503304;7.39241712;6.97600872;6.35929416;6.2625648;6.15525528;5.7626028;5.52897408;5.50892616;5.31969456;4.72891128;4.53048384;3.02397288;3.39484704;4.23050664;3.70043568;3.18460344;5.5738656;5.41101024;2.48871072;2.29930608;2.24675136;2.00904384;1.74219144;1.63814496;1.62835584;2.2150356;2.17849944;2.00704152;1.6627908;1.29782472;1.62835584;1.56606144;0.84203736;1.03846248;1.44646608;1.56974472;1.16052984;0.44720952;1.3073172;2.36597592;4.46700288;4.3617204;4.4855676;4.37640408;4.35796296;4.19960664;4.08626544;4.17590016;4.08206304;3.9943812;3.96926568;3.8947596;3.84739608
999999;3.46564512;9.82370328;9.24214056;8.74558992;9.88167168;10.40027256;10.28208624;9.98596536;9.81384;8.98838976;8.8506252;8.42462544;8.09088072;7.49228592;6.25339368;5.10910488;4.39061808;3.73835616;3.3447396;3.66649512;1.64664864;1.04246712;0.64652688;0;0.444342;5.98790088;5.233224;4.99704912;4.77303648;4.46621184;4.13755944;3.56959272;3.45286488;2.50225728;1.22937504;3.45785832;7.22696616;6.81018696;6.17278176;6.06448344;5.9410812;5.49016368;5.20032168;5.11422192;4.87730544;4.2328056;4.02078216;2.62605504;3.06505752;3.822948;3.2527812;2.68736064;4.94973504;4.78181208;1.97582016;1.8155604;1.77887592;1.58826;1.29480888;1.11341352;1.02758568;1.9960164;1.86596448;1.66899552;1.4159616;0.89236728;1.02758568;2.10740472;1.35814152;1.51259208;1.82636304;1.87053768;1.46767584;0.65332488;0.81818256;1.84032984;4.31727384;4.1738484;4.22029728;4.07647632;4.02582504;3.9992016;3.85172208;3.90595776;3.7935312;3.68088216;3.64370328;3.52910136;3.4289112
999999;3.49041456;10.18837272;9.57840672;9.06440376;10.27892208;10.81089648;10.69394616;10.39740504;10.22535384;9.40207896;9.26957976;8.84978472;8.51660856;7.92471288;6.69224784;5.55184008;4.83125208;4.1781744;3.7533612;4.04745504;2.017152;1.4153436;0.98526504;0.444342;0;6.31306776;5.59035384;5.35820832;5.13300912;4.81604928;4.4821068;3.90368352;3.78532416;2.81501472;1.61498232;3.59891064;7.51025736;7.09508496;6.44934912;6.33509328;6.20306376;5.71894728;5.39251968;5.25549672;4.97821248;4.28528616;4.06026;2.80075128;3.2823216;3.96699144;3.36931128;2.7644376;4.7964216;4.61537232;2.05808832;1.93871544;1.92059568;1.7850312;1.4892564;1.24240248;1.04061312;2.30790864;2.12893584;1.92435312;1.73907672;1.1666604;1.04061312;2.2281372;1.50250632;1.608654;1.82391576;1.80633984;1.44421656;0.7765788;0.37453272;1.40624664;3.93218568;3.77588112;3.79882128;3.6471888;3.59030808;3.59794656;3.44038128;3.48438288;3.36770448;3.24979008;3.2102628;3.08933256;2.98476696
999999;4.23554952;3.96859824;3.26964024;2.75845536;4.36139904;5.0636448;4.98053616;4.70485872;4.55302848;3.88818408;3.91698288;3.7903176;3.570186;3.48769536;3.35126568;3.54618288;4.51846992;4.58845224;3.01339272;2.484978;4.3555404;5.93653272;6.08134248;5.98790088;6.31306776;0;0.948012;1.17748776;1.3523076;1.56818736;1.86878256;2.41895088;2.5351596;3.49807776;4.77909288;3.4066632;1.44238728;1.08345288;0.85199952;0.92682696;1.05453048;1.59317928;2.12705712;2.73937152;3.21955752;3.81090936;3.97146576;3.80245512;3.24899904;3.17829984;3.68881728;4.24138344;5.857404;5.94518472;4.65618504;4.62763344;4.59794472;4.61099688;4.88079096;5.17023744;5.47656768;4.005258;4.20620688;4.41108624;4.57878672;5.1465804;5.47656768;7.3324464;6.81718272;7.0301208;7.48264512;7.64100144;7.23885648;6.47174544;6.6148248;7.17384288;10.19833488;10.00695264;9.90424104;9.68905344;9.55561488;9.82115712;9.62421288;9.60414024;9.4598496;9.29835384;9.23445264;9.02191008;8.76143544
999999;4.03027464;4.59888408;4.02659136;3.58697088;4.7961744;5.42969856;5.32978032;5.03823264;4.8734244;4.11610248;4.07687184;3.82561776;3.54662784;3.2713212;2.78327424;2.72607216;3.61077624;3.6478068;2.10085392;1.61031024;3.58660008;5.0815668;5.26125648;5.233224;5.59035384;0.948012;0;0.24616176;0.4618932;0.78132504;1.12221384;1.7126016;1.83148008;2.81096064;4.00622208;3.13550952;2.39020152;2.02615008;1.65851424;1.67050344;1.71875688;1.9956456;2.3991996;2.97712848;3.37741944;3.78965016;3.89725632;3.3210084;2.78992392;3.00219456;3.38918616;3.8456904;5.896338;5.94634656;4.13286264;4.0622376;4.01843376;3.98043912;4.22580984;4.5214116;4.840794;3.3030864;3.5492976;3.74797224;3.8540952;4.43546016;4.840794;6.44185896;5.96149992;6.17335032;6.63007704;6.80168328;6.40781952;5.6700264;5.91532296;6.5763852;9.51618648;9.34388808;9.29056704;9.09322728;8.97971304;9.16103424;8.9797872;8.9827536;8.8459284;8.69558136;8.63771184;8.44563744;8.21549424
999999;3.91127256;4.83018912;4.26968784;3.83303376;5.0009796;5.621328;5.5188636;5.22563496;5.05921992;4.28924136;4.23742824;3.96276432;3.67356504;3.35531976;2.76817032;2.60479584;3.43271808;3.44060376;1.85570568;1.36511256;3.35052408;4.83592416;5.01788808;4.99704912;5.35820832;1.17748776;0.24616176;0;0.22571832;0.57105672;0.9104376;1.49872416;1.61661384;2.59144704;3.76895952;3.00943752;2.61878736;2.2460592;1.83948936;1.83674544;1.8653712;2.0699292;2.42792424;2.98442088;3.35761872;3.71872848;3.81187344;3.14248056;2.62185264;2.9020044;3.25317672;3.68295864;5.82556464;5.8659324;3.94026912;3.861264;3.81476568;3.76690776;4.0069884;4.30293624;4.62390072;3.07857936;3.33228072;3.52910136;3.62422392;4.20665184;4.62390072;6.19596912;5.71573368;5.92753464;6.38438496;6.55658448;6.16328928;5.42816592;5.686218;6.36310104;9.28673544;9.1172304;9.0714984;8.8771992;8.76712104;8.93494512;8.75617008;8.76272088;8.62720584;8.47881168;8.4219804;8.23358928;8.00898336
999999;3.73808424;5.0553636;4.48826208;4.04300544;5.22380568;5.84000112;5.7366468;5.44287432;5.27591544;4.5011412;4.44369192;4.15743432;3.86306856;3.51953472;2.86203216;2.59987656;3.35653104;3.32382648;1.66224696;1.15274304;3.12641256;4.62402432;4.79998128;4.77303648;5.13300912;1.3523076;0.4618932;0.22571832;0;0.35567136;0.68995992;1.27577448;1.39319448;2.36647032;3.54539184;2.83345584;2.78428776;2.40023784;1.94988888;1.93139832;1.93943232;2.07072024;2.3826372;2.91579816;3.26360856;3.58160664;3.6633804;2.93332464;2.41939584;2.74523016;3.06970488;3.4819356;5.6844876;5.71753824;3.72367248;3.64128072;3.59381832;3.542994;3.78196224;4.0779348;4.3991712;2.85295992;3.1076748;3.30409992;3.39865392;3.98100768;4.3991712;5.99437752;5.50445184;5.71657416;6.17273232;6.34248456;5.947632;5.20818264;5.46062328;6.13898952;9.06119016;8.8915368;8.84624976;8.65244496;8.54305896;8.7092268;8.53052592;8.53734864;8.40200664;8.25393384;8.1972756;8.0096508;7.78652808
999999;3.40290576;5.37669888;4.7788704;4.3085724;5.57060256;6.19231056;6.0896484;5.796222;5.62958448;4.8564912;4.79928912;4.51031232;4.21391952;3.85572672;3.13788264;2.7596172;3.39991464;3.29586816;1.48742712;0.92920008;2.82124416;4.3688892;4.5228948;4.46621184;4.81604928;1.56818736;0.78132504;0.57105672;0.35567136;0;0.34130904;0.93164736;1.05037752;2.02966032;3.24318984;2.49728856;2.95942896;2.5586436;2.04103152;1.99715352;1.9715436;1.98323616;2.21859528;2.71119072;3.02132784;3.28395312;3.3527736;2.577678;2.06540544;2.42851752;2.72683848;3.12814296;5.37835512;5.40376728;3.36973152;3.29030616;3.24417864;3.20022648;3.44450952;3.74011128;4.05971616;2.5230468;2.76812088;2.96667192;3.07791192;3.65796672;4.05971616;5.76769512;5.24971224;5.46257616;5.91581736;6.07721424;5.67736824;4.92194976;5.13760704;5.7964692;8.73819864;8.56404624;8.50931616;8.31249552;8.20019256;8.3809452;8.19885768;8.20142856;8.06470224;7.91467656;7.85705424;7.66633944;7.4393604
999999;3.13568256;5.7145224;5.10470472;4.62229392;5.91119472;6.52996104;6.42655728;6.13268592;5.96557872;5.18833248;5.12586504;4.82566536;4.52445216;4.14111912;3.3519084;2.85857136;3.3774936;3.20657952;1.29453696;0.71730024;2.49553344;4.07439984;4.21258464;4.13755944;4.4821068;1.86878256;1.12221384;0.9104376;0.68995992;0.34130904;0;0.59041248;0.70926624;1.6893648;2.91854208;2.232216;3.22329024;2.81464392;2.25782592;2.1962484;2.14534992;2.05161168;2.20077216;2.6371296;2.89646712;3.08008728;3.12841488;2.25340104;1.75427952;2.200698;2.44606872;2.81568216;5.15372448;5.1675924;3.03452832;2.95141968;2.90442696;2.85891744;3.1037196;3.3992472;3.71860488;2.1847536;2.42705904;2.62593144;2.7431784;3.32179944;3.71860488;5.4917952;4.953888;5.16699912;5.61757056;5.77300992;5.37022224;4.60513824;4.80092064;5.45516016;8.4009684;8.2253328;8.16837792;7.97126064;7.85890824;8.04198456;7.8589824;7.86066336;7.72371456;7.57349112;7.51579464;7.32507984;7.0987188
999999;2.72184504;6.3013752;5.67586032;5.17733208;6.499506;7.11253728;7.00782336;6.71323512;6.5453616;5.76139152;5.69032152;5.37259536;5.06448528;4.64384976;3.75407808;3.09548784;3.40016184;3.11560992;1.1226588;0.66437472;1.93849296;3.57421536;3.68041248;3.56959272;3.90368352;2.41895088;1.7126016;1.49872416;1.27577448;0.93164736;0.59041248;0;0.119274;1.10048496;2.36182296;1.8444828;3.7159104;3.30076272;2.70199488;2.61905928;2.53646976;2.2985892;2.30397816;2.62237176;2.7786516;2.80171536;2.80656048;1.7144556;1.26242568;1.90035;2.01458112;2.30158032;4.80514776;4.79637216;2.46218616;2.36926368;2.31977424;2.26872744;2.51367792;2.80908192;3.1281924;1.59982896;1.83674544;2.03603808;2.16515064;2.7400884;3.1281924;5.02080504;4.44727632;4.66006608;5.10428448;5.24827848;4.84086816;4.05919704;4.21742976;4.86504432;7.815846;7.63796088;7.57811376;7.38084816;7.268916;7.45429128;7.26995424;7.27054752;7.13340096;6.98305392;6.92538216;6.73518648;6.5107536
999999;2.65502688;6.4206492;5.79379944;5.29334304;6.61697544;7.228128;7.12301856;6.82823256;6.66016128;5.87448552;5.80133904;5.47963296;5.17008912;4.74176568;3.83293488;3.1442604;3.40535304;3.0987756;1.11163368;0.70503912;1.82455848;3.47036664;3.57016128;3.45286488;3.78532416;2.5351596;1.83148008;1.61661384;1.39319448;1.05037752;0.70926624;0.119274;0;0.98121096;2.24756712;1.78915944;3.82373904;3.4080228;2.80413792;2.71831008;2.63129568;2.37185928;2.35220688;2.64583104;2.78006064;2.76742872;2.76203976;1.61584752;1.1821104;1.86687912;1.94627976;2.20890504;4.74940416;4.73538792;2.35126752;2.2548348;2.20438128;2.15044224;2.39457696;2.6900304;3.00936336;1.4808516;1.7177928;1.91688768;2.0470632;2.62135824;3.00936336;4.92167784;4.34152416;4.5541656;4.99699968;5.1387936;4.73069112;3.94620192;4.0984524;4.7467344;7.6966956;7.51868688;7.4591364;7.26216744;7.15068024;7.33501728;7.15070496;7.151496;7.01444832;6.86429904;6.80675088;6.61702488;6.3935808
999999;2.264352;7.40173656;6.76482576;6.25064976;7.58562864;8.18264136;8.07483744;7.7788896;7.60950816;6.81253536;6.72463104;6.3755352;6.057018;5.57700504;4.5463788;3.66701424;3.59554872;3.12932952;1.4542776;1.42748112;0.94037352;2.66489016;2.692626;2.50225728;2.81501472;3.49807776;2.81096064;2.59144704;2.36647032;2.02966032;1.6893648;1.10048496;0.98121096;0;1.3425432;1.61241144;4.72851576;4.31143992;3.68051136;3.57799752;3.46517544;3.0799884;2.90108976;3.00629808;2.96736408;2.66563176;2.57107776;0.9883056;0.9221796;1.86937584;1.61703408;1.58054736;4.37230056;4.3119096;1.48495512;1.34321064;1.27985328;1.1835936;1.41554136;1.7114892;2.0329728;0.5078724;0.74261352;0.93765432;1.086444;1.64850264;2.0329728;4.14401136;3.50386224;3.7126968;4.13802912;4.2572784;3.8442072;3.03517104;3.12082584;3.7748676;6.71677008;6.53759952;6.480348;6.28607352;6.17859096;6.35385576;6.16969176;6.17201544;6.03590712;5.88748824;5.83100304;5.64587496;5.43162672
999999;2.94150696;8.59437768;8.02186248;7.5372516;8.66408808;9.19885584;9.08269656;8.78593296;8.61398064;7.7926092;7.6659192;7.2572976;6.92575296;6.35516592;5.16329112;4.07835504;3.5680848;2.95473216;2.14443528;2.43818304;0.42355248;1.36612608;1.35050304;1.22937504;1.61498232;4.77909288;4.00622208;3.76895952;3.54539184;3.24318984;2.91854208;2.36182296;2.24756712;1.3425432;0;2.63282832;6.05741352;5.64038712;5.01670152;4.9171788;4.80697704;4.41405264;4.19688744;4.21901184;4.0811484;3.58351008;3.4171692;1.7886156;2.081424;2.9692428;2.50532256;2.1083688;4.82072136;4.69929672;1.52786904;1.2985416;1.21901736;0.93278448;0.82053096;0.97809624;1.24030128;0.86950128;0.89988216;0.78342624;0.38214648;0.60457704;1.24030128;2.83941336;2.17049016;2.37687744;2.79667248;2.91513072;2.50245504;1.7011068;1.96936824;2.84003136;5.54128464;5.3900724;5.40683256;5.24491656;5.17300608;5.2127064;5.05452312;5.0926908;4.97151336;4.84516944;4.80047568;4.65707496;4.50749424
999999;0.90566664;7.32283032;6.514338;5.9069676;7.76734536;8.46019752;8.37214488;8.09016384;7.9327716;7.21678152;7.19868648;6.96112728;6.67939344;6.35197704;5.57267904;4.93329624;5.10119448;4.69548984;2.81714064;2.49402552;2.35341816;3.98627304;3.87503304;3.45785832;3.59891064;3.4066632;3.13550952;3.00943752;2.83345584;2.49728856;2.232216;1.8444828;1.78915944;1.61241144;2.63282832;0;4.22034672;3.83545632;3.1849248;3.04582536;2.87735856;2.27191632;1.84243104;1.658712;1.45047072;1.05623616;0.99273048;0.85264224;0.70521216;0.3680808;0.28976784;0.92151216;2.96098632;2.95369392;1.55820048;1.66051656;1.68459384;1.87689072;2.16450792;2.36429496;2.57120136;1.8407748;1.73344056;1.87787952;2.25963048;2.59278192;2.57120136;5.43179976;4.71647712;4.90640088;5.27188608;5.32837128;4.92340824;4.09640064;3.7795644;4.01591232;7.11461376;6.88560768;6.68977584;6.44986824;6.28906464;6.69879864;6.4744152;6.4102668;6.25608816;6.07916712;6.00661392;5.76648384;5.46878088
999999;4.89661176;3.25033392;2.3432088;1.70449344;3.97640976;4.7389476;4.6903728;4.46359152;4.3467648;3.902052;4.03338936;4.105374;3.99373848;4.16994264;4.4361276;4.866132;5.91341952;6.01991328;4.43518824;3.88835712;5.63803872;7.286838;7.39241712;7.22696616;7.51025736;1.44238728;2.39020152;2.61878736;2.78428776;2.95942896;3.22329024;3.7159104;3.82373904;4.72851576;6.05741352;4.22034672;0;0.41715;1.06449264;1.1895264;1.34622648;1.96543776;2.48539824;2.99255376;3.50475216;4.270998;4.48608672;4.81518408;4.27732632;3.9074904;4.5090516;5.13197088;6.07120728;6.20961456;5.67069384;5.69024736;5.67724464;5.74507632;6.03284184;6.30740688;6.59079696;5.231988;5.38151928;5.58590424;5.81224056;6.35269392;6.59079696;8.71493712;8.16237096;8.37530904;8.8202196;8.96184048;8.55265032;7.75822368;7.7795076;8.20162632;11.28957456;11.07428808;10.90456056;10.66811376;10.50931248;10.88695992;10.67127792;10.6198356;10.4675604;10.29348216;10.22238744;9.98566872;9.68885568
999999;4.53829536;3.56222616;2.69183496;2.07210456;4.21498248;4.97000544;4.9122348;4.67067096;4.54346184;4.03385904;4.138746;4.15558032;4.01091888;4.11239448;4.25020848;4.58825448;5.59556976;5.67146016;4.04038512;3.4877448;5.22116064;6.87304992;6.97600872;6.81018696;7.09508496;1.08345288;2.02615008;2.2460592;2.40023784;2.5586436;2.81464392;3.30076272;3.4080228;4.31143992;5.64038712;3.83545632;0.41715;0;0.6574284;0.79071864;0.95918544;1.60591008;2.14695672;2.68741008;3.20232768;3.94328496;4.15016664;4.4104188;3.86969352;3.53182056;4.1249028;4.7415432;5.80924944;5.93697768;5.26778256;5.28283704;5.26840056;5.33230176;5.6192268;5.89495368;6.18029664;4.81506048;4.96619856;5.17075656;5.39531304;5.93668104;6.18029664;8.30490648;7.74781656;7.96068048;8.40489888;8.54553096;8.13611832;7.34114784;7.36628808;7.80121176;10.8849576;10.67214312;10.5104496;10.27657368;10.12106016;10.48483968;10.27116;10.2234504;10.07206512;9.89939592;9.8291664;9.59538936;9.3032484
999999;3.90951744;4.17337872;3.331638;2.72295744;4.75580664;5.49780216;5.4306132;5.17481064;5.03729328;4.45887;4.53003888;4.4756796;4.28882112;4.2800208;4.20316632;4.35803712;5.26763424;5.27245464;3.52625856;2.95779744;4.60058976;6.2744304;6.35929416;6.17278176;6.44934912;0.85199952;1.65851424;1.83948936;1.94988888;2.04103152;2.25782592;2.70199488;2.80413792;3.68051136;5.01670152;3.1849248;1.06449264;0.6574284;0;0.1468368;0.33201432;1.00059144;1.56077136;2.14033176;2.65082448;3.35131512;3.54722112;3.75326232;3.21352584;2.88897696;3.4746432;4.08725424;5.29092048;5.40401448;4.61037888;4.62661992;4.61304864;4.68125112;4.96968408;5.24333448;5.52630432;4.18072056;4.32137736;4.52529264;4.7603304;5.29455432;5.52630432;7.72191;7.14380808;7.35610344;7.7955756;7.92879168;7.51754976;6.71503968;6.71583072;7.14378336;10.22792472;10.01473944;9.85403472;9.62094984;9.46674648;9.827436;9.6137316;9.5665164;9.41530416;9.24300576;9.17302344;8.94030936;8.6502696
999999;3.7646088;4.3190784;3.47345664;2.86114224;4.90205016;5.64342768;5.57579376;5.31927432;5.18113896;4.59764808;4.66550448;4.60321008;4.41133344;4.38678648;4.27233288;4.3868112;5.2694388;5.2546068;3.47595336;2.90363592;4.5031188;6.18635304;6.2625648;6.06448344;6.33509328;0.92682696;1.67050344;1.83674544;1.93139832;1.99715352;2.1962484;2.61905928;2.71831008;3.57799752;4.9171788;3.04582536;1.1895264;0.79071864;0.1468368;0;0.18547416;0.85385352;1.41442896;1.9962636;2.50594056;3.20447832;3.40045848;3.6256824;3.08891232;2.7467628;3.33544488;3.95082456;5.1475692;5.25950136;4.48129104;4.50143784;4.48937448;4.56289176;4.85268432;5.1242088;5.40438528;4.0755864;4.20872832;4.4120256;4.65433104;5.18343792;5.40438528;7.63964184;7.05276432;7.26466416;7.70173848;7.831296;7.41928776;6.61316856;6.59749608;7.013064;10.10004816;9.88518192;9.72012648;9.48590448;9.33039096;9.69787848;9.48293808;9.43367112;9.28201392;9.10904808;9.03867024;8.80467072;8.51287584
