0;0.23729;0.563977;0.529711;0.504061;0.581211;0.607855;0.60385;0.59205;0.585355;0.554005;0.550998;0.536991;0.524;0.503129;0.456316;0.411959;0.383669;0.357184;0.331548;0.336639;0.260231;0.241598;0.224392;0.206436;0.188486;0.405468;0.388245;0.380719;0.372016;0.357673;0.344158;0.320952;0.316401;0.279138;0.247493;0.268024;0.435117;0.420864;0.395385;0.389544;0.382316;0.355921;0.334585;0.31546;0.295467;0.263006;0.253912;0.253954;0.275798;0.278789;0.256447;0.234094;0.207272;0.198912;0.221411;0.225314;0.227571;0.23178;0.22456;0.213161;0.200187;0.262253;0.24975;0.242827;0.24524;0.223606;0.200187;0.238472;0.224605;0.221564;0.212237;0.202589;0.204779;0.208285;0.173491;0.133023;0.102593;0.093679;0.072556;0.066544;0.060269;0.092708;0.087006;0.077601;0.076156;0.074204;0.073089;0.070542;0.068931
9999999;0;0.326933;0.292468;0.267014;0.347513;0.37618;0.372805;0.361583;0.35535;0.327122;0.326798;0.317735;0.306499;0.293575;0.261639;0.234011;0.236764;0.218142;0.146336;0.135674;0.112276;0.169853;0.161557;0.140196;0.141198;0.171341;0.163037;0.158223;0.151217;0.137658;0.126848;0.110107;0.107404;0.0916;0.118993;0.036637;0.198083;0.183588;0.158152;0.15229;0.145034;0.118685;0.097852;0.081824;0.064943;0.033008;0.023305;0.052232;0.060245;0.042791;0.028681;0.033732;0.085856;0.084438;0.060882;0.068897;0.071436;0.082369;0.091605;0.095569;0.099586;0.093782;0.084683;0.087454;0.103646;0.109512;0.099586;0.224619;0.194503;0.201265;0.213659;0.214072;0.198646;0.166608;0.144901;0.144468;0.267967;0.257946;0.247591;0.237295;0.229999;0.250522;0.240903;0.237109;0.230703;0.223216;0.220069;0.209634;0.196466
9999999;0.326933;0;0.03969;0.06581;0.044188;0.07123;0.071799;0.068327;0.067842;0.077757;0.089064;0.108028;0.115774;0.142368;0.188249;0.231105;0.280576;0.297373;0.265028;0.249271;0.330848;0.386851;0.396364;0.397399;0.412151;0.160542;0.186039;0.195396;0.204505;0.217504;0.23117;0.25491;0.259735;0.299423;0.347669;0.296231;0.131486;0.144103;0.168826;0.17472;0.182064;0.208858;0.23095;0.252417;0.273191;0.303619;0.311958;0.314356;0.291962;0.285188;0.307895;0.33142;0.376558;0.382428;0.34889;0.347536;0.346205;0.345998;0.356424;0.368312;0.381021;0.31955;0.328992;0.337159;0.341948;0.365461;0.381021;0.436198;0.421651;0.429942;0.448474;0.456492;0.441438;0.413604;0.425325;0.450438;0.570988;0.563889;0.560822;0.552321;0.547056;0.556454;0.548894;0.548547;0.542821;0.536427;0.533904;0.525453;0.514962
9999999;0.292468;0.03969;0;0.026631;0.07982;0.109317;0.109143;0.103601;0.10149;0.100716;0.110879;0.125601;0.129543;0.15181;0.189617;0.226834;0.275965;0.289351;0.246072;0.227871;0.307422;0.367967;0.375711;0.373873;0.387476;0.132267;0.162888;0.172722;0.181564;0.19332;0.206501;0.229606;0.234377;0.273658;0.324509;0.263525;0.09479;0.108893;0.134775;0.140512;0.147596;0.173795;0.195264;0.215687;0.23631;0.26756;0.276256;0.284393;0.262078;0.251626;0.275247;0.299681;0.338205;0.344329;0.319188;0.318732;0.317723;0.318698;0.329692;0.341368;0.353668;0.294132;0.30242;0.310708;0.317186;0.340322;0.353668;0.420942;0.403422;0.411928;0.430478;0.437736;0.421965;0.392235;0.399834;0.421627;0.544763;0.536874;0.531945;0.522874;0.516992;0.529338;0.521191;0.520001;0.514039;0.5073;0.504591;0.49554;0.484228
9999999;0.267014;0.06581;0.026631;0;0.103059;0.133453;0.132752;0.126007;0.123016;0.116423;0.125379;0.136842;0.13824;0.15675;0.187925;0.220476;0.268561;0.279528;0.229724;0.210182;0.287771;0.350606;0.35726;0.353786;0.366683;0.111588;0.145104;0.155058;0.163552;0.174295;0.186986;0.209439;0.214132;0.252858;0.304905;0.238955;0.068952;0.083823;0.110152;0.115742;0.122623;0.148368;0.169477;0.189453;0.210006;0.241506;0.250325;0.261167;0.238995;0.226673;0.25067;0.275481;0.311578;0.31772;0.295965;0.295985;0.295154;0.296771;0.308027;0.319534;0.33156;0.273401;0.280981;0.289293;0.296697;0.319494;0.33156;0.405399;0.386224;0.394805;0.413256;0.420033;0.403936;0.373278;0.378545;0.39854;0.52259;0.514341;0.508541;0.499229;0.493079;0.506777;0.49837;0.496782;0.490724;0.483839;0.48105;0.471743;0.46008
9999999;0.347513;0.044188;0.07982;0.103059;0;0.030946;0.029716;0.024197;0.023978;0.045059;0.055735;0.077089;0.088185;0.116921;0.168278;0.215141;0.263352;0.283332;0.264583;0.252388;0.334384;0.383361;0.394934;0.399744;0.415814;0.176432;0.19402;0.202305;0.211319;0.225348;0.239126;0.262925;0.267677;0.306862;0.350489;0.314213;0.160858;0.170509;0.192387;0.198303;0.205806;0.232811;0.255521;0.278672;0.299448;0.327676;0.335165;0.327576;0.305531;0.30484;0.325564;0.347153;0.405505;0.410561;0.361054;0.35835;0.356558;0.354609;0.364014;0.375986;0.389066;0.326045;0.3369;0.344727;0.347057;0.370621;0.389066;0.427396;0.416697;0.424574;0.44276;0.451582;0.43769;0.412783;0.429912;0.459567;0.574318;0.56852;0.568412;0.560964;0.5568;0.561359;0.554818;0.555796;0.550531;0.544788;0.542602;0.535256;0.526291
9999999;0.37618;0.07123;0.109317;0.133453;0.030946;0;0.005279;0.016808;0.023762;0.057328;0.064506;0.084808;0.097889;0.126115;0.179381;0.227779;0.274122;0.295994;0.285505;0.275183;0.35651;0.401337;0.413954;0.420723;0.437334;0.20484;0.219648;0.2274;0.236246;0.250498;0.264157;0.287724;0.2924;0.331013;0.372122;0.342241;0.191705;0.201052;0.222403;0.228294;0.23579;0.262722;0.285472;0.308873;0.329602;0.357306;0.364572;0.353901;0.332124;0.333412;0.35344;0.374274;0.435958;0.440869;0.386768;0.383537;0.381567;0.378893;0.387781;0.399705;0.41286;0.349617;0.36101;0.368627;0.36982;0.393219;0.41286;0.441754;0.433511;0.441068;0.458878;0.468101;0.455017;0.43198;0.451787;0.483401;0.594471;0.589411;0.590816;0.583935;0.580323;0.582447;0.57648;0.578118;0.573117;0.567729;0.56572;0.558941;0.550727
9999999;0.372805;0.071799;0.109143;0.132752;0.029716;0.005279;0;0.012016;0.018962;0.052406;0.059349;0.079564;0.092674;0.120862;0.174142;0.222565;0.268859;0.290765;0.280768;0.270663;0.351872;0.39632;0.409007;0.415942;0.432603;0.201478;0.215606;0.223255;0.232065;0.246345;0.259974;0.283488;0.288148;0.326652;0.367423;0.338679;0.18974;0.198715;0.219685;0.225558;0.233046;0.259922;0.282683;0.306225;0.326916;0.354324;0.361486;0.349915;0.328205;0.330021;0.349829;0.370459;0.433457;0.438255;0.382648;0.379322;0.377322;0.374533;0.383341;0.395254;0.408416;0.345165;0.35663;0.364214;0.365253;0.388624;0.408416;0.436555;0.428418;0.435958;0.453746;0.462986;0.449949;0.427042;0.44709;0.478939;0.58957;0.584576;0.586138;0.579327;0.575789;0.577633;0.571725;0.573435;0.568466;0.563123;0.561136;0.554435;0.546333
9999999;0.361583;0.068327;0.103601;0.126007;0.024197;0.016808;0.012016;0;0.006964;0.040521;0.047967;0.068645;0.081527;0.109975;0.163096;0.211353;0.25802;0.279624;0.268773;0.258652;0.339858;0.384548;0.397147;0.403963;0.420607;0.190326;0.203812;0.211393;0.220181;0.234475;0.248086;0.271571;0.276223;0.31468;0.355418;0.327272;0.180566;0.188943;0.209337;0.215181;0.222652;0.249436;0.272199;0.295919;0.31655;0.343562;0.350594;0.338145;0.316487;0.318792;0.338373;0.358818;0.423303;0.427944;0.370789;0.367411;0.365397;0.362559;0.371345;0.383255;0.396418;0.333166;0.344651;0.352224;0.353238;0.376608;0.396418;0.425247;0.416781;0.424361;0.442203;0.451398;0.438262;0.415172;0.435085;0.466936;0.577667;0.572626;0.57413;0.567312;0.563775;0.565672;0.559738;0.561428;0.556454;0.551107;0.54912;0.542425;0.534347
9999999;0.35535;0.067842;0.10149;0.123016;0.023978;0.023762;0.018962;0.006964;0;0.033582;0.041303;0.062213;0.074941;0.103504;0.156513;0.204678;0.251519;0.272973;0.261812;0.251741;0.332913;0.377627;0.3902;0.397;0.413647;0.184184;0.197145;0.204661;0.213427;0.227734;0.241326;0.26478;0.269424;0.307828;0.348462;0.320905;0.17584;0.183797;0.203774;0.209593;0.217048;0.243755;0.266512;0.290348;0.31093;0.337661;0.344601;0.331488;0.309875;0.312561;0.331967;0.352266;0.417799;0.422334;0.36405;0.360623;0.358594;0.355704;0.364458;0.376363;0.389528;0.326276;0.337789;0.345348;0.34631;0.369672;0.389528;0.41851;0.409908;0.417504;0.435367;0.444543;0.43137;0.408224;0.428129;0.460039;0.57071;0.565662;0.567177;0.560372;0.556853;0.558708;0.552775;0.554473;0.549505;0.544168;0.542186;0.535512;0.527472
9999999;0.327122;0.077757;0.100716;0.116423;0.045059;0.057328;0.052406;0.040521;0.033582;0;0.011375;0.032136;0.043243;0.072058;0.124197;0.171884;0.21938;0.240218;0.228523;0.219038;0.299829;0.344053;0.356626;0.363608;0.380343;0.157289;0.166509;0.173513;0.182085;0.19646;0.209884;0.233066;0.237641;0.275588;0.315235;0.291941;0.15785;0.163182;0.180375;0.185989;0.193278;0.219309;0.241882;0.266266;0.286465;0.311452;0.317827;0.30063;0.279352;0.284455;0.302736;0.322067;0.393574;0.397505;0.332601;0.328831;0.326698;0.323416;0.331909;0.343772;0.356947;0.293717;0.305453;0.312897;0.313405;0.336682;0.356947;0.385395;0.376412;0.384043;0.401956;0.411086;0.397836;0.374654;0.394889;0.427367;0.537165;0.532185;0.533953;0.527296;0.523948;0.525257;0.519414;0.521241;0.516338;0.511099;0.50917;0.502687;0.494955
9999999;0.326798;0.089064;0.110879;0.125379;0.055735;0.064506;0.059349;0.047967;0.041303;0.011375;0;0.021469;0.033675;0.062381;0.115223;0.16339;0.210283;0.231675;0.223369;0.214981;0.295009;0.337243;0.350212;0.358035;0.374983;0.158454;0.164922;0.171417;0.179761;0.194146;0.207357;0.230191;0.234682;0.272032;0.31011;0.291209;0.163163;0.167425;0.183254;0.188734;0.195901;0.221466;0.243852;0.268423;0.288367;0.312367;0.318408;0.298419;0.277473;0.284314;0.301792;0.32036;0.395332;0.398955;0.329791;0.325684;0.323444;0.319722;0.327875;0.339667;0.352839;0.289725;0.30173;0.309016;0.308877;0.331986;0.352839;0.377287;0.369124;0.376634;0.394401;0.403657;0.390706;0.368279;0.389664;0.42306;0.530903;0.52623;0.528656;0.522283;0.519217;0.519398;0.513814;0.515935;0.511167;0.50611;0.504273;0.498095;0.490787
9999999;0.317735;0.108028;0.125601;0.136842;0.077089;0.084808;0.079564;0.068645;0.062213;0.032136;0.021469;0;0.013545;0.041334;0.094581;0.143089;0.189381;0.211222;0.20707;0.200354;0.278945;0.318498;0.331924;0.340802;0.358001;0.15333;0.154758;0.160306;0.168181;0.182456;0.195213;0.217338;0.221668;0.25791;0.29358;0.281599;0.166075;0.168106;0.181055;0.186214;0.193069;0.217509;0.239373;0.264136;0.283489;0.305555;0.310967;0.286315;0.266;0.275759;0.291772;0.308993;0.389722;0.392766;0.316623;0.312007;0.30961;0.305232;0.312857;0.324514;0.337648;0.274882;0.287251;0.294279;0.293191;0.316002;0.337648;0.35712;0.349799;0.357171;0.374768;0.38415;0.371534;0.350014;0.372835;0.407434;0.512577;0.508278;0.511522;0.505526;0.502838;0.501571;0.496316;0.498808;0.49422;0.489411;0.487697;0.481938;0.475229
9999999;0.306499;0.115774;0.129543;0.13824;0.088185;0.097889;0.092674;0.081527;0.074941;0.043243;0.033675;0.013545;0;0.028827;0.081575;0.129891;0.176608;0.198116;0.193724;0.187387;0.265612;0.304971;0.31838;0.327301;0.344523;0.144425;0.143472;0.148607;0.156273;0.170466;0.183028;0.204874;0.209146;0.245025;0.280168;0.270202;0.161559;0.162254;0.173496;0.178452;0.185101;0.208844;0.230365;0.255146;0.27416;0.295286;0.300414;0.274009;0.253933;0.264798;0.280202;0.296911;0.379848;0.38263;0.30396;0.299202;0.296765;0.29222;0.299718;0.311341;0.324462;0.261802;0.274252;0.281213;0.279922;0.302671;0.324462;0.343892;0.336341;0.343739;0.361374;0.370728;0.358054;0.33647;0.359372;0.394142;0.499036;0.494733;0.498016;0.492055;0.489413;0.488029;0.482787;0.485303;0.480732;0.475948;0.474249;0.468547;0.461935
9999999;0.293575;0.142368;0.15181;0.15675;0.116921;0.126115;0.120862;0.109975;0.103504;0.072058;0.062381;0.041334;0.028827;0;0.05339;0.102092;0.148047;0.170036;0.17161;0.167935;0.243258;0.27887;0.29283;0.303086;0.320579;0.141088;0.132335;0.135733;0.142376;0.155976;0.167521;0.187858;0.191819;0.225607;0.257086;0.256957;0.168687;0.166359;0.17314;0.177459;0.183434;0.204869;0.225127;0.249677;0.267529;0.285636;0.289821;0.257178;0.238237;0.253128;0.266249;0.280879;0.370858;0.37283;0.285362;0.279937;0.277301;0.271881;0.2786;0.289969;0.302967;0.241197;0.254063;0.260609;0.258007;0.280219;0.302967;0.31606;0.309479;0.316706;0.334128;0.343618;0.331348;0.310909;0.335577;0.371764;0.473132;0.469261;0.473487;0.467985;0.465801;0.462712;0.457863;0.46081;0.456463;0.451987;0.45044;0.44526;0.439401
9999999;0.261639;0.188249;0.189617;0.187925;0.168278;0.179381;0.174142;0.163096;0.156513;0.124197;0.115223;0.094581;0.081575;0.05339;0;0.04879;0.095184;0.116657;0.126504;0.128113;0.196316;0.226636;0.241143;0.252969;0.270722;0.135569;0.112592;0.111981;0.115778;0.126937;0.135595;0.151864;0.155054;0.183915;0.208871;0.225432;0.179455;0.171934;0.170031;0.172829;0.177101;0.192809;0.209612;0.232634;0.247671;0.259724;0.262102;0.219273;0.202857;0.224576;0.233192;0.24383;0.344064;0.344604;0.243893;0.237454;0.234534;0.227769;0.233159;0.244003;0.256681;0.19714;0.210475;0.216234;0.211569;0.232721;0.256681;0.262673;0.256532;0.263637;0.280927;0.290486;0.278496;0.259158;0.285838;0.323698;0.420772;0.417286;0.422437;0.417442;0.415781;0.410895;0.406441;0.409829;0.405736;0.401613;0.400245;0.395696;0.390786
9999999;0.234011;0.231105;0.226834;0.220476;0.215141;0.227779;0.222565;0.211353;0.204678;0.171884;0.16339;0.143089;0.129891;0.102092;0.04879;0;0.049526;0.068335;0.089545;0.098677;0.154102;0.178468;0.193421;0.206679;0.224589;0.143454;0.110278;0.105372;0.105173;0.111635;0.115638;0.125222;0.127195;0.148342;0.164982;0.199567;0.19685;0.185609;0.176296;0.17746;0.179788;0.188798;0.201069;0.221264;0.232787;0.238286;0.238755;0.186723;0.173781;0.201895;0.205384;0.211417;0.31926;0.318425;0.206762;0.199376;0.196212;0.188121;0.191956;0.202067;0.21424;0.158296;0.171813;0.176541;0.169641;0.189302;0.21424;0.214032;0.207832;0.214882;0.232138;0.241709;0.229838;0.211335;0.239741;0.278942;0.372336;0.369091;0.374876;0.370267;0.369009;0.36281;0.358635;0.362338;0.358442;0.354599;0.353374;0.349339;0.345228
9999999;0.236764;0.280576;0.275965;0.268561;0.263352;0.274122;0.268859;0.25802;0.251519;0.21938;0.210283;0.189381;0.176608;0.148047;0.095184;0.049526;0;0.026499;0.093112;0.111595;0.138162;0.143106;0.159744;0.177614;0.195439;0.182786;0.146067;0.138864;0.135782;0.137537;0.13663;0.137547;0.137757;0.145451;0.14434;0.206359;0.239216;0.226358;0.213092;0.213165;0.214097;0.217763;0.225656;0.242328;0.249942;0.248251;0.24651;0.185413;0.178221;0.212325;0.209394;0.208831;0.322309;0.319831;0.197122;0.18852;0.185105;0.175075;0.175681;0.183785;0.194364;0.148828;0.161642;0.164133;0.153197;0.168409;0.194364;0.169816;0.167992;0.174156;0.190241;0.200217;0.190146;0.176764;0.210287;0.251983;0.33294;0.330887;0.339003;0.335648;0.335568;0.32512;0.32206;0.326815;0.323587;0.320628;0.31983;0.317252;0.315196
9999999;0.218142;0.297373;0.289351;0.279528;0.283332;0.295994;0.290765;0.279624;0.272973;0.240218;0.231675;0.211222;0.198116;0.170036;0.116657;0.068335;0.026499;0;0.080628;0.102114;0.114762;0.116692;0.133262;0.151228;0.16902;0.185617;0.147565;0.139183;0.134459;0.133328;0.129716;0.126036;0.125355;0.126591;0.119528;0.189947;0.243524;0.229428;0.213287;0.212565;0.212495;0.212597;0.21772;0.23211;0.237558;0.232488;0.229806;0.166099;0.16145;0.197419;0.191736;0.188602;0.302862;0.299803;0.174661;0.1658;0.162356;0.151884;0.151573;0.159091;0.169232;0.127332;0.139603;0.141316;0.12936;0.14327;0.169232;0.14613;0.142408;0.148859;0.165415;0.175253;0.164577;0.150342;0.183836;0.225638;0.307508;0.305169;0.312884;0.309376;0.309191;0.29929;0.29603;0.30064;0.29733;0.294284;0.293452;0.290791;0.288698
9999999;0.146336;0.265028;0.246072;0.229724;0.264583;0.285505;0.280768;0.268773;0.261812;0.228523;0.223369;0.20707;0.193724;0.17161;0.126504;0.089545;0.093112;0.080628;0;0.023351;0.071891;0.122127;0.131418;0.135305;0.151835;0.121901;0.084986;0.075069;0.067243;0.060171;0.052368;0.045415;0.044969;0.05883;0.086749;0.113962;0.179417;0.163446;0.142648;0.140613;0.138967;0.134615;0.137667;0.151482;0.15743;0.155344;0.154072;0.097405;0.086447;0.119261;0.118114;0.122018;0.232166;0.23061;0.117979;0.111145;0.108152;0.101287;0.107167;0.118401;0.131365;0.070635;0.08399;0.089779;0.086415;0.10895;0.131365;0.175699;0.157415;0.165889;0.184453;0.19195;0.176551;0.148887;0.166373;0.200467;0.309743;0.304145;0.305435;0.298918;0.295909;0.297084;0.290978;0.29272;0.287855;0.282742;0.280909;0.274904;0.268243
9999999;0.135674;0.249271;0.227871;0.210182;0.252388;0.275183;0.270663;0.258652;0.251741;0.219038;0.214981;0.200354;0.187387;0.167935;0.128113;0.098677;0.111595;0.102114;0.023351;0;0.082137;0.140434;0.147889;0.148321;0.163732;0.100525;0.065142;0.055223;0.046632;0.037589;0.029017;0.026876;0.028521;0.057746;0.098632;0.100891;0.157296;0.14109;0.119652;0.117461;0.115676;0.111521;0.115608;0.13087;0.138567;0.14019;0.140205;0.09116;0.07567;0.103727;0.106995;0.115737;0.220619;0.219958;0.117449;0.112071;0.109516;0.104891;0.112912;0.124746;0.137921;0.074745;0.086903;0.09405;0.09473;0.118253;0.137921;0.196115;0.176044;0.184623;0.203082;0.210011;0.194118;0.164681;0.177601;0.208338;0.322752;0.31644;0.316079;0.308867;0.30514;0.309191;0.302463;0.30344;0.298244;0.292665;0.290593;0.283773;0.275929
9999999;0.112276;0.330848;0.307422;0.287771;0.334384;0.35651;0.351872;0.339858;0.332913;0.299829;0.295009;0.278945;0.265612;0.243258;0.196316;0.154102;0.138162;0.114762;0.071891;0.082137;0;0.069884;0.071177;0.066612;0.0816;0.176195;0.145089;0.135539;0.126473;0.114128;0.100952;0.078418;0.073809;0.038041;0.017134;0.095203;0.228076;0.211212;0.186108;0.182165;0.17784;0.162633;0.15483;0.157234;0.15316;0.135578;0.129706;0.062308;0.070702;0.107998;0.091555;0.079269;0.192346;0.18818;0.060398;0.051302;0.047853;0.037128;0.03813;0.047978;0.060402;0.020944;0.027637;0.026979;0.015564;0.037059;0.060402;0.129754;0.103718;0.112185;0.129524;0.134642;0.117999;0.085856;0.095528;0.128595;0.24065;0.234307;0.234341;0.227473;0.224211;0.227068;0.220437;0.221661;0.216608;0.211273;0.209345;0.203108;0.196357
9999999;0.169853;0.386851;0.367967;0.350606;0.383361;0.401337;0.39632;0.384548;0.377627;0.344053;0.337243;0.318498;0.304971;0.27887;0.226636;0.178468;0.143106;0.116692;0.122127;0.140434;0.069884;0;0.01762;0.042171;0.057255;0.240151;0.205565;0.195628;0.187056;0.176735;0.164822;0.144588;0.140387;0.107803;0.055264;0.161257;0.294775;0.278036;0.25382;0.250257;0.2464;0.232323;0.224643;0.22593;0.219931;0.198131;0.190675;0.126837;0.139454;0.175137;0.155291;0.136425;0.237983;0.231773;0.109372;0.100978;0.098428;0.087796;0.07831;0.076528;0.078597;0.090062;0.091257;0.085383;0.06991;0.060631;0.078597;0.059872;0.035638;0.044244;0.06265;0.069827;0.054628;0.033659;0.070502;0.113329;0.194262;0.190662;0.196799;0.192861;0.192509;0.184343;0.180297;0.184396;0.180863;0.17764;0.176769;0.174196;0.172753
9999999;0.161557;0.396364;0.375711;0.35726;0.394934;0.413954;0.409007;0.397147;0.3902;0.356626;0.350212;0.331924;0.31838;0.29283;0.241143;0.193421;0.159744;0.133262;0.131418;0.147889;0.071177;0.01762;0;0.026154;0.039857;0.246009;0.212834;0.202989;0.194174;0.182965;0.170412;0.148884;0.144424;0.108925;0.054632;0.156757;0.299046;0.282201;0.257253;0.25334;0.248999;0.233115;0.223664;0.222853;0.215198;0.191299;0.183272;0.122329;0.137332;0.171137;0.149694;0.128827;0.22548;0.218892;0.100676;0.093014;0.090888;0.081272;0.070477;0.066268;0.065872;0.089605;0.088127;0.081191;0.067265;0.052501;0.065872;0.063352;0.034063;0.042009;0.058514;0.063501;0.046947;0.018091;0.052885;0.095711;0.180704;0.176445;0.181455;0.177039;0.176293;0.169887;0.165302;0.168928;0.165132;0.161585;0.160569;0.157555;0.155639
9999999;0.140196;0.397399;0.373873;0.353786;0.399744;0.420723;0.415942;0.403963;0.397;0.363608;0.358035;0.340802;0.327301;0.303086;0.252969;0.206679;0.177614;0.151228;0.135305;0.148321;0.066612;0.042171;0.026154;0;0.017975;0.242229;0.2117;0.202146;0.193084;0.180672;0.167377;0.144401;0.139679;0.101224;0.049732;0.139881;0.292353;0.275493;0.249708;0.245327;0.240335;0.222094;0.210369;0.206886;0.197302;0.17123;0.162653;0.106232;0.123991;0.15465;0.131585;0.108712;0.200232;0.193439;0.079928;0.073445;0.071961;0.06425;0.052379;0.045041;0.041569;0.080745;0.075484;0.067516;0.05728;0.036099;0.041569;0.085251;0.054941;0.061189;0.073882;0.075669;0.059372;0.026429;0.033098;0.074447;0.174647;0.168845;0.170724;0.164906;0.162857;0.16178;0.155814;0.158008;0.15346;0.148903;0.147399;0.142763;0.13871
9999999;0.141198;0.412151;0.387476;0.366683;0.415814;0.437334;0.432603;0.420607;0.413647;0.380343;0.374983;0.358001;0.344523;0.320579;0.270722;0.224589;0.195439;0.16902;0.151835;0.163732;0.0816;0.057255;0.039857;0.017975;0;0.255383;0.226147;0.216756;0.207646;0.194824;0.181315;0.157916;0.153128;0.113876;0.065331;0.145587;0.303813;0.287018;0.260896;0.256274;0.250933;0.231349;0.218144;0.212601;0.201384;0.173353;0.16425;0.113299;0.13278;0.160477;0.136299;0.11183;0.19403;0.186706;0.083256;0.078427;0.077694;0.07221;0.060245;0.050259;0.042096;0.093362;0.086122;0.077846;0.070351;0.047195;0.042096;0.090135;0.060781;0.065075;0.073783;0.073072;0.058423;0.031415;0.015151;0.056887;0.159069;0.152746;0.153674;0.14754;0.145239;0.145548;0.139174;0.140954;0.136234;0.131464;0.129865;0.124973;0.120743
9999999;0.171341;0.160542;0.132267;0.111588;0.176432;0.20484;0.201478;0.190326;0.184184;0.157289;0.158454;0.15333;0.144425;0.141088;0.135569;0.143454;0.182786;0.185617;0.121901;0.100525;0.176195;0.240151;0.246009;0.242229;0.255383;0;0.03835;0.047633;0.054705;0.063438;0.075598;0.097854;0.102555;0.141508;0.193329;0.13781;0.058349;0.043829;0.034466;0.037493;0.042659;0.064449;0.086046;0.110816;0.130241;0.154163;0.160658;0.153821;0.131432;0.128572;0.149224;0.171577;0.23695;0.240501;0.188357;0.187202;0.186001;0.186529;0.197443;0.209152;0.221544;0.162025;0.170154;0.178442;0.185226;0.208195;0.221544;0.29662;0.275776;0.28439;0.302696;0.309102;0.292834;0.261802;0.26759;0.290204;0.412554;0.404812;0.400657;0.391952;0.386554;0.397296;0.389329;0.388517;0.38268;0.376147;0.373562;0.364964;0.354427
9999999;0.163037;0.186039;0.162888;0.145104;0.19402;0.219648;0.215606;0.203812;0.197145;0.166509;0.164922;0.154758;0.143472;0.132335;0.112592;0.110278;0.146067;0.147565;0.084986;0.065142;0.145089;0.205565;0.212834;0.2117;0.226147;0.03835;0;0.009958;0.018685;0.031607;0.045397;0.06928;0.074089;0.113712;0.162064;0.126841;0.096691;0.081964;0.067092;0.067577;0.069529;0.08073;0.097055;0.120434;0.136627;0.153303;0.157656;0.134345;0.112861;0.121448;0.137103;0.15557;0.238525;0.240548;0.167187;0.16433;0.162558;0.161021;0.170947;0.182905;0.195825;0.13362;0.14358;0.151617;0.15591;0.179428;0.195825;0.260593;0.241161;0.249731;0.268207;0.275149;0.259216;0.22937;0.239293;0.266035;0.384959;0.377989;0.375832;0.367849;0.363257;0.370592;0.36326;0.36338;0.357845;0.351763;0.349422;0.341652;0.332342
9999999;0.158223;0.195396;0.172722;0.155058;0.202305;0.2274;0.223255;0.211393;0.204661;0.173513;0.171417;0.160306;0.148607;0.135733;0.111981;0.105372;0.138864;0.139183;0.075069;0.055223;0.135539;0.195628;0.202989;0.202146;0.216756;0.047633;0.009958;0;0.009131;0.023101;0.03683;0.060628;0.065397;0.104832;0.152466;0.121741;0.105938;0.09086;0.074413;0.074302;0.07546;0.083735;0.098217;0.120729;0.135826;0.150434;0.154202;0.127123;0.106062;0.117395;0.131601;0.148987;0.235662;0.237295;0.159396;0.1562;0.154319;0.152383;0.162095;0.174067;0.187051;0.124538;0.134801;0.142763;0.146611;0.170172;0.187051;0.250646;0.231219;0.239787;0.258268;0.265234;0.249324;0.219586;0.230025;0.257407;0.375677;0.36882;0.36697;0.35911;0.354657;0.361446;0.354214;0.354479;0.348997;0.342994;0.340695;0.333074;0.323988
9999999;0.151217;0.204505;0.181564;0.163552;0.211319;0.236246;0.232065;0.220181;0.213427;0.182085;0.179761;0.168181;0.156273;0.142376;0.115778;0.105173;0.135782;0.134459;0.067243;0.046632;0.126473;0.187056;0.194174;0.193084;0.207646;0.054705;0.018685;0.009131;0;0.014388;0.027911;0.051609;0.056359;0.095731;0.143422;0.114622;0.112633;0.097097;0.078879;0.078131;0.078456;0.083767;0.096385;0.117953;0.132023;0.144887;0.148195;0.118662;0.097872;0.111053;0.124179;0.140855;0.229955;0.231292;0.150634;0.147301;0.145381;0.143325;0.152992;0.164965;0.17796;0.115411;0.125715;0.133661;0.137486;0.161044;0.17796;0.242491;0.222672;0.231253;0.249706;0.256573;0.2406;0.210687;0.220899;0.248341;0.366553;0.35969;0.357858;0.350018;0.345593;0.352315;0.345086;0.345362;0.339887;0.333897;0.331605;0.324015;0.314989
9999999;0.137658;0.217504;0.19332;0.174295;0.225348;0.250498;0.246345;0.234475;0.227734;0.19646;0.194146;0.182456;0.170466;0.155976;0.126937;0.111635;0.137537;0.133328;0.060171;0.037589;0.114128;0.176735;0.182965;0.180672;0.194824;0.063438;0.031607;0.023101;0.014388;0;0.013807;0.037688;0.042491;0.082106;0.131197;0.101023;0.119718;0.103505;0.082566;0.080791;0.079755;0.080228;0.089749;0.109676;0.122222;0.132846;0.13563;0.104275;0.083552;0.098241;0.110309;0.126543;0.217571;0.218599;0.136316;0.133103;0.131237;0.129459;0.139341;0.151299;0.164228;0.102065;0.111979;0.120011;0.124511;0.147976;0.164228;0.233321;0.212367;0.220978;0.239313;0.245842;0.229667;0.199108;0.207832;0.234485;0.353487;0.346442;0.344228;0.336266;0.331723;0.339035;0.331669;0.331773;0.326242;0.320173;0.317842;0.310127;0.300945
9999999;0.126848;0.23117;0.206501;0.186986;0.239126;0.264157;0.259974;0.248086;0.241326;0.209884;0.207357;0.195213;0.183028;0.167521;0.135595;0.115638;0.13663;0.129716;0.052368;0.029017;0.100952;0.164822;0.170412;0.167377;0.181315;0.075598;0.045397;0.03683;0.027911;0.013807;0;0.023884;0.028692;0.06834;0.118064;0.0903;0.130392;0.113861;0.091336;0.088845;0.086786;0.082994;0.089028;0.10668;0.117171;0.124599;0.126554;0.091157;0.070966;0.089025;0.098951;0.113903;0.208484;0.209045;0.122756;0.119394;0.117493;0.115652;0.125555;0.13751;0.150429;0.08838;0.098182;0.106227;0.11097;0.134377;0.150429;0.22216;0.2004;0.209021;0.227248;0.233536;0.217242;0.186292;0.194212;0.220678;0.339845;0.33274;0.330436;0.322462;0.317917;0.325323;0.31792;0.317988;0.312448;0.306371;0.304037;0.296322;0.287165
9999999;0.110107;0.25491;0.229606;0.209439;0.262925;0.287724;0.283488;0.271571;0.26478;0.233066;0.230191;0.217338;0.204874;0.187858;0.151864;0.125222;0.137547;0.126036;0.045415;0.026876;0.078418;0.144588;0.148884;0.144401;0.157916;0.097854;0.06928;0.060628;0.051609;0.037688;0.023884;0;0.004825;0.044518;0.095543;0.074615;0.15032;0.133526;0.109304;0.105949;0.102608;0.092985;0.093203;0.106083;0.112405;0.113338;0.113534;0.069355;0.051069;0.076875;0.081496;0.093106;0.194383;0.194028;0.099603;0.095844;0.093842;0.091777;0.101686;0.113636;0.126545;0.064718;0.074302;0.082364;0.087587;0.110845;0.126545;0.203107;0.179906;0.188514;0.206484;0.212309;0.195828;0.164207;0.170608;0.196806;0.316175;0.308979;0.306558;0.298578;0.29405;0.301549;0.294092;0.294116;0.288568;0.282486;0.280153;0.272459;0.26338
9999999;0.107404;0.259735;0.234377;0.214132;0.267677;0.2924;0.288148;0.276223;0.269424;0.237641;0.234682;0.221668;0.209146;0.191819;0.155054;0.127195;0.137757;0.125355;0.044969;0.028521;0.073809;0.140387;0.144424;0.139679;0.153128;0.102555;0.074089;0.065397;0.056359;0.042491;0.028692;0.004825;0;0.039693;0.090921;0.072377;0.154682;0.137865;0.113436;0.109964;0.106444;0.095949;0.095154;0.107032;0.112462;0.111951;0.111733;0.065366;0.04782;0.075521;0.078733;0.089357;0.192128;0.191561;0.095116;0.091215;0.089174;0.086992;0.096868;0.10882;0.121738;0.059905;0.06949;0.077544;0.08281;0.106042;0.121738;0.199097;0.175628;0.18423;0.202144;0.20788;0.191371;0.159636;0.165795;0.19202;0.311355;0.304154;0.301745;0.293777;0.289267;0.296724;0.289268;0.2893;0.283756;0.277682;0.275354;0.267679;0.25864
9999999;0.0916;0.299423;0.273658;0.252858;0.306862;0.331013;0.326652;0.31468;0.307828;0.275588;0.272032;0.25791;0.245025;0.225607;0.183915;0.148342;0.145451;0.126591;0.05883;0.057746;0.038041;0.107803;0.108925;0.101224;0.113876;0.141508;0.113712;0.104832;0.095731;0.082106;0.06834;0.044518;0.039693;0;0.05431;0.065227;0.191283;0.174411;0.148888;0.144741;0.140177;0.124595;0.117358;0.121614;0.120039;0.107833;0.104008;0.03998;0.037305;0.075622;0.065414;0.063938;0.176873;0.17443;0.060071;0.054337;0.051774;0.04788;0.057263;0.069235;0.08224;0.020545;0.030041;0.037931;0.04395;0.066687;0.08224;0.167638;0.141742;0.15019;0.167396;0.17222;0.15551;0.122782;0.126247;0.152705;0.271714;0.264466;0.26215;0.254291;0.249943;0.257033;0.249583;0.249677;0.244171;0.238167;0.235882;0.228393;0.219726
9999999;0.118993;0.347669;0.324509;0.304905;0.350489;0.372122;0.367423;0.355418;0.348462;0.315235;0.31011;0.29358;0.280168;0.257086;0.208871;0.164982;0.14434;0.119528;0.086749;0.098632;0.017134;0.055264;0.054632;0.049732;0.065331;0.193329;0.162064;0.152466;0.143422;0.131197;0.118064;0.095543;0.090921;0.05431;0;0.106506;0.245041;0.228171;0.202941;0.198915;0.194457;0.178562;0.169777;0.170672;0.165095;0.144964;0.138235;0.072355;0.0842;0.120115;0.101348;0.08529;0.195013;0.190101;0.061807;0.05253;0.049313;0.037734;0.033193;0.039567;0.050174;0.035174;0.036403;0.031692;0.015459;0.024457;0.050174;0.114863;0.087803;0.096152;0.113134;0.117926;0.101232;0.068815;0.079667;0.114888;0.224162;0.218045;0.218723;0.212173;0.209264;0.21087;0.204471;0.206015;0.201113;0.196002;0.194194;0.188393;0.182342
9999999;0.036637;0.296231;0.263525;0.238955;0.314213;0.342241;0.338679;0.327272;0.320905;0.291941;0.291209;0.281599;0.270202;0.256957;0.225432;0.199567;0.206359;0.189947;0.113962;0.100891;0.095203;0.161257;0.156757;0.139881;0.145587;0.13781;0.126841;0.121741;0.114622;0.101023;0.0903;0.074615;0.072377;0.065227;0.106506;0;0.170726;0.155156;0.12884;0.123213;0.116398;0.091906;0.074532;0.0671;0.058676;0.042728;0.040159;0.034492;0.028528;0.01489;0.011722;0.037278;0.119781;0.119486;0.063034;0.067173;0.068147;0.075926;0.087561;0.095643;0.104013;0.074465;0.070123;0.075966;0.091409;0.104886;0.104013;0.219733;0.190796;0.198479;0.213264;0.215549;0.199167;0.165712;0.152895;0.162456;0.287808;0.278544;0.270622;0.260917;0.254412;0.270987;0.26191;0.259315;0.253078;0.245921;0.242986;0.233272;0.221229
9999999;0.198083;0.131486;0.09479;0.068952;0.160858;0.191705;0.18974;0.180566;0.17584;0.15785;0.163163;0.166075;0.161559;0.168687;0.179455;0.19685;0.239216;0.243524;0.179417;0.157296;0.228076;0.294775;0.299046;0.292353;0.303813;0.058349;0.096691;0.105938;0.112633;0.119718;0.130392;0.15032;0.154682;0.191283;0.245041;0.170726;0;0.016875;0.043062;0.04812;0.054459;0.079508;0.100542;0.121058;0.141778;0.172775;0.181476;0.194789;0.173031;0.15807;0.182405;0.207604;0.245599;0.251198;0.229397;0.230188;0.229662;0.232406;0.244047;0.255154;0.266618;0.21165;0.217699;0.225967;0.235123;0.256986;0.266618;0.352546;0.330193;0.338807;0.356805;0.362534;0.345981;0.313844;0.314705;0.331781;0.456698;0.447989;0.441123;0.431558;0.425134;0.440411;0.431686;0.429605;0.423445;0.416403;0.413527;0.403951;0.391944
9999999;0.183588;0.144103;0.108893;0.083823;0.170509;0.201052;0.198715;0.188943;0.183797;0.163182;0.167425;0.168106;0.162254;0.166359;0.171934;0.185609;0.226358;0.229428;0.163446;0.14109;0.211212;0.278036;0.282201;0.275493;0.287018;0.043829;0.081964;0.09086;0.097097;0.103505;0.113861;0.133526;0.137865;0.174411;0.228171;0.155156;0.016875;0;0.026595;0.031987;0.038802;0.064964;0.086851;0.108714;0.129544;0.159518;0.167887;0.178415;0.156541;0.142873;0.166865;0.19181;0.235002;0.240169;0.213098;0.213707;0.213123;0.215708;0.227315;0.238469;0.250012;0.194784;0.200898;0.209173;0.218257;0.240157;0.250012;0.335959;0.313423;0.322034;0.340004;0.345693;0.329131;0.296972;0.297989;0.315583;0.44033;0.431721;0.42518;0.415719;0.409428;0.424144;0.4155;0.41357;0.407446;0.400461;0.39762;0.388163;0.376345
9999999;0.158152;0.168826;0.134775;0.110152;0.192387;0.222403;0.219685;0.209337;0.203774;0.180375;0.183254;0.181055;0.173496;0.17314;0.170031;0.176296;0.213092;0.213287;0.142648;0.119652;0.186108;0.25382;0.257253;0.249708;0.260896;0.034466;0.067092;0.074413;0.078879;0.082566;0.091336;0.109304;0.113436;0.148888;0.202941;0.12884;0.043062;0.026595;0;0.00594;0.013431;0.040477;0.063138;0.086583;0.107234;0.135571;0.143496;0.151831;0.129997;0.116868;0.14056;0.165342;0.214034;0.218609;0.186504;0.187161;0.186612;0.189371;0.201039;0.212109;0.223556;0.169123;0.174813;0.183062;0.19257;0.214181;0.223556;0.312375;0.288989;0.297577;0.315355;0.320744;0.304108;0.271644;0.271676;0.288988;0.413751;0.405127;0.398626;0.389197;0.382959;0.39755;0.388905;0.386995;0.380878;0.373908;0.371077;0.361663;0.34993
9999999;0.15229;0.17472;0.140512;0.115742;0.198303;0.228294;0.225558;0.215181;0.209593;0.185989;0.188734;0.186214;0.178452;0.177459;0.172829;0.17746;0.213165;0.212565;0.140613;0.117461;0.182165;0.250257;0.25334;0.245327;0.256274;0.037493;0.067577;0.074302;0.078131;0.080791;0.088845;0.105949;0.109964;0.144741;0.198915;0.123213;0.04812;0.031987;0.00594;0;0.007503;0.034541;0.057218;0.080755;0.101373;0.129631;0.137559;0.14667;0.124956;0.111115;0.134929;0.159823;0.208235;0.212763;0.181282;0.182097;0.181609;0.184583;0.196306;0.20729;0.218624;0.16487;0.170256;0.17848;0.188282;0.209686;0.218624;0.309047;0.285306;0.293878;0.311559;0.3168;0.300133;0.267523;0.266889;0.2837;0.408578;0.399886;0.393209;0.383734;0.377443;0.392309;0.383614;0.381621;0.375486;0.368489;0.365642;0.356176;0.344372
9999999;0.145034;0.182064;0.147596;0.122623;0.205806;0.23579;0.233046;0.222652;0.217048;0.193278;0.195901;0.193069;0.185101;0.183434;0.177101;0.179788;0.214097;0.212495;0.138967;0.115676;0.17784;0.2464;0.248999;0.240335;0.250933;0.042659;0.069529;0.07546;0.078456;0.079755;0.086786;0.102608;0.106444;0.140177;0.194457;0.116398;0.054459;0.038802;0.013431;0.007503;0;0.027048;0.049715;0.073308;0.093898;0.12215;0.130115;0.140595;0.119088;0.104079;0.128099;0.153171;0.200803;0.205296;0.175089;0.176145;0.17575;0.179042;0.190838;0.201688;0.212851;0.160123;0.165066;0.173245;0.183463;0.204553;0.212851;0.305472;0.281262;0.289808;0.307347;0.312383;0.295682;0.262885;0.261306;0.277372;0.4024;0.393608;0.386668;0.377125;0.370753;0.386031;0.377264;0.375147;0.368987;0.361948;0.359077;0.349533;0.337619
9999999;0.118685;0.208858;0.173795;0.148368;0.232811;0.262722;0.259922;0.249436;0.243755;0.219309;0.221466;0.217509;0.208844;0.204869;0.192809;0.188798;0.217763;0.212597;0.134615;0.111521;0.162633;0.232323;0.233115;0.222094;0.231349;0.064449;0.08073;0.083735;0.083767;0.080228;0.082994;0.092985;0.095949;0.124595;0.178562;0.091906;0.079508;0.064964;0.040477;0.034541;0.027048;0;0.022764;0.046972;0.067246;0.095112;0.103156;0.118934;0.098569;0.078743;0.103469;0.129109;0.174343;0.178611;0.152694;0.154673;0.154643;0.15914;0.171123;0.18139;0.191842;0.143513;0.146658;0.154579;0.166297;0.186014;0.191842;0.292066;0.26628;0.274686;0.291621;0.295893;0.279143;0.245828;0.240788;0.254114;0.379445;0.370325;0.362505;0.352739;0.3461;0.362759;0.353757;0.351221;0.344982;0.337811;0.334862;0.325065;0.31279
9999999;0.097852;0.23095;0.195264;0.169477;0.255521;0.285472;0.282683;0.272199;0.266512;0.241882;0.243852;0.239373;0.230365;0.225127;0.209612;0.201069;0.225656;0.21772;0.137667;0.115608;0.15483;0.224643;0.223664;0.210369;0.218144;0.086046;0.097055;0.098217;0.096385;0.089749;0.089028;0.093203;0.095154;0.117358;0.169777;0.074532;0.100542;0.086851;0.063138;0.057218;0.049715;0.022764;0;0.024782;0.044584;0.072699;0.08106;0.104846;0.086568;0.060301;0.08562;0.111672;0.151702;0.155878;0.1371;0.140165;0.140563;0.146377;0.158395;0.167887;0.177435;0.134659;0.135787;0.143271;0.156399;0.174367;0.177435;0.284492;0.257412;0.265616;0.281846;0.28535;0.268665;0.235095;0.226526;0.236771;0.362046;0.352602;0.343841;0.333847;0.326919;0.345066;0.335832;0.332844;0.326531;0.319228;0.316198;0.306135;0.293467
9999999;0.081824;0.252417;0.215687;0.189453;0.278672;0.308873;0.306225;0.295919;0.290348;0.266266;0.268423;0.264136;0.255146;0.249677;0.232634;0.221264;0.242328;0.23211;0.151482;0.13087;0.157234;0.22593;0.222853;0.206886;0.212601;0.110816;0.120434;0.120729;0.117953;0.109676;0.10668;0.106083;0.107032;0.121614;0.170672;0.0671;0.121058;0.108714;0.086583;0.080755;0.073308;0.046972;0.024782;0;0.02083;0.052495;0.061899;0.100832;0.086604;0.052257;0.07648;0.102014;0.127504;0.132035;0.129632;0.134237;0.135247;0.142747;0.154516;0.16274;0.170836;0.136388;0.13497;0.141664;0.156238;0.171585;0.170836;0.285247;0.256908;0.264785;0.280006;0.282534;0.266084;0.232556;0.219435;0.225062;0.349477;0.339589;0.329412;0.319093;0.311723;0.332133;0.322591;0.318915;0.312514;0.305036;0.301892;0.291445;0.278186
9999999;0.064943;0.273191;0.23631;0.210006;0.299448;0.329602;0.326916;0.31655;0.31093;0.286465;0.288367;0.283489;0.27416;0.267529;0.247671;0.232787;0.249942;0.237558;0.15743;0.138567;0.15316;0.219931;0.215198;0.197302;0.201384;0.130241;0.136627;0.135826;0.132023;0.122222;0.117171;0.112405;0.112462;0.120039;0.165095;0.058676;0.141778;0.129544;0.107234;0.101373;0.093898;0.067246;0.044584;0.02083;0;0.033318;0.043209;0.093141;0.083123;0.045162;0.065748;0.089584;0.107119;0.111404;0.118167;0.123888;0.125362;0.134044;0.145372;0.152449;0.159302;0.132243;0.128752;0.134629;0.150065;0.163018;0.159302;0.278309;0.249183;0.25674;0.271064;0.272826;0.25667;0.223447;0.207007;0.209367;0.332764;0.322639;0.311672;0.301196;0.293601;0.31525;0.305552;0.301484;0.29505;0.287491;0.28429;0.273653;0.260098
9999999;0.033008;0.303619;0.26756;0.241506;0.327676;0.357306;0.354324;0.343562;0.337661;0.311452;0.312367;0.305555;0.295286;0.285636;0.259724;0.238286;0.248251;0.232488;0.155344;0.14019;0.135578;0.198131;0.191299;0.17123;0.173353;0.154163;0.153303;0.150434;0.144887;0.132846;0.124599;0.113338;0.111951;0.107833;0.144964;0.042728;0.172775;0.159518;0.135571;0.129631;0.12215;0.095112;0.072699;0.052495;0.033318;0;0.010034;0.073277;0.071226;0.036463;0.044026;0.062606;0.085256;0.087388;0.091306;0.098349;0.100411;0.110442;0.120826;0.126231;0.131426;0.115395;0.108949;0.113384;0.129525;0.138819;0.131426;0.254635;0.224806;0.231898;0.245034;0.245909;0.230204;0.197645;0.177623;0.177117;0.299804;0.289592;0.278407;0.267907;0.260289;0.282232;0.27248;0.268291;0.26185;0.254273;0.251059;0.240385;0.226792
9999999;0.023305;0.311958;0.276256;0.250325;0.335165;0.364572;0.361486;0.350594;0.344601;0.317827;0.318408;0.310967;0.300414;0.289821;0.262102;0.238755;0.24651;0.229806;0.154072;0.140205;0.129706;0.190675;0.183272;0.162653;0.16425;0.160658;0.157656;0.154202;0.148195;0.13563;0.126554;0.113534;0.111733;0.104008;0.138235;0.040159;0.181476;0.167887;0.143496;0.137559;0.130115;0.103156;0.08106;0.061899;0.043209;0.010034;0;0.067561;0.068427;0.03753;0.038834;0.054455;0.081979;0.083111;0.082847;0.090262;0.092499;0.102879;0.112892;0.117762;0.122459;0.10996;0.102632;0.106551;0.122777;0.130892;0.122459;0.246538;0.216574;0.223529;0.236337;0.236988;0.221417;0.189083;0.168179;0.167117;0.289778;0.279576;0.268465;0.257988;0.250408;0.272212;0.262468;0.258311;0.251873;0.244303;0.241095;0.230445;0.216899
9999999;0.052232;0.314356;0.284393;0.261167;0.327576;0.353901;0.349915;0.338145;0.331488;0.30063;0.298419;0.286315;0.274009;0.257178;0.219273;0.186723;0.185413;0.166099;0.097405;0.09116;0.062308;0.126837;0.122329;0.106232;0.113299;0.153821;0.134345;0.127123;0.118662;0.104275;0.091157;0.069355;0.065366;0.03998;0.072355;0.034492;0.194789;0.178415;0.151831;0.14667;0.140595;0.118934;0.104846;0.100832;0.093141;0.073277;0.067561;0;0.022398;0.048824;0.029269;0.024741;0.136961;0.13445;0.034808;0.035742;0.035805;0.041987;0.053886;0.063041;0.07294;0.042409;0.035984;0.041488;0.057102;0.070754;0.07294;0.185246;0.156384;0.164129;0.179176;0.181794;0.165291;0.131738;0.121978;0.137373;0.261922;0.253337;0.247556;0.238524;0.23287;0.245763;0.237228;0.23567;0.229667;0.222907;0.22021;0.211324;0.200607
9999999;0.060245;0.291962;0.262078;0.238995;0.305531;0.332124;0.328205;0.316487;0.309875;0.279352;0.277473;0.266;0.253933;0.238237;0.202857;0.173781;0.178221;0.16145;0.086447;0.07567;0.070702;0.139454;0.137332;0.123991;0.13278;0.131432;0.112861;0.106062;0.097872;0.083552;0.070966;0.051069;0.04782;0.037305;0.0842;0.028528;0.173031;0.156541;0.129997;0.124956;0.119088;0.098569;0.086568;0.086604;0.083123;0.071226;0.068427;0.022398;0;0.038359;0.031725;0.042993;0.145863;0.144682;0.05712;0.057166;0.056666;0.060571;0.072563;0.082897;0.093777;0.049805;0.049264;0.056708;0.070155;0.087916;0.093777;0.199006;0.17124;0.179336;0.195338;0.198784;0.182097;0.14853;0.142441;0.159596;0.283839;0.27539;0.269869;0.260883;0.25526;0.26782;0.259376;0.257941;0.251963;0.245237;0.242556;0.233709;0.223001
